Simulation Parameters:
N = 1000
L = 100
s0 = 0.2
r = 0
f0 = 0
muL = 0.1
tf = 150
M = 3
distribution = 1
exp_name = test3
V_an = 0.704457
V_num = 0.30477
