0.001
0.00111137
0.00123466
0.00137106
0.00152182
0.00168828
0.00187189
0.00207414
0.00229664
0.00254105
0.00280906
0.0031024
0.00342279
0.00377194
0.00415143
0.00456273
0.00500709
0.00548549
0.00599852
0.00654632
0.00712844
0.00774375
0.00839029
0.0090652
0.00976468
0.0104837
0.011216
0.0119544
0.0126904
0.0134144
0.014116
0.0147842
0.0154074
0.0159742
0.0164736
0.0168953
0.0172305
0.0174718
0.017614
0.017654
0.0175912
0.0174274
0.0171667
0.0168155
0.0163817
0.0158748
0.0153055
0.0146849
0.0140243
0.0133348
0.012627
0.0119107
0.0111949
0.0104874
0.00979467
0.00912237
0.00847487
0.00785551
0.00726671
0.00671004
0.00618633
0.00569581
0.00523819
0.00481275
0.00441849
0.00405413
0.00371825
0.00340929
0.00312564
0.00286568
0.00262776
0.00241031
0.00221176
0.00203065
0.00186556
0.00171518
0.00157824
0.00145361
0.00134019
0.001237
0.00114312
0.00105769
0.000979955
0.000909201
0.000844784
0.000786116
0.000732663
0.000683939
0.000639503
0.000598957
0.000561937
0.000528117
0.000497109
0.000468759
0.000442822
0.000419075
0.000397223
0.00037719
0.000358811
0.000341938
0.000326245
0.000311822
0.000298557
0.000286351
0.000275112
0.00026476
0.000255219
0.000246424
0.000238314
0.000230833
0.000223932
0.000217567
0.000211596
0.000206196
0.000201216
0.000196627
0.0001924
0.00018851
0.000184934
0.00018165
0.00017864
0.000175884
0.000173368
0.000171075
0.000168992
0.000167106
0.000165405
0.000163879
0.000162517
0.000161311
0.00016025
0.000159329
0.000158538
0.000157871
0.000157322
0.000156885
0.000156553
0.000156322
0.000156187
0.000156143
0.000156186
0.000156312
0.000156516
0.000156796
0.000157148
0.000157569
0.000158055
0.000158604
0.000159214
0.000159881
0.000160603
0.000161378
0.000162203
0.000163077
0.000163998
0.000164865
0.000165885
0.000166944
0.000168042
0.000169177
0.000170347
0.000171552
0.000172789
0.000174058
0.000175358
0.000176687
0.000178044
0.000179429
0.000180839
0.000182274
0.000183734
0.000185216
0.000186721
0.000188246
0.000189793
0.000191358
0.000192942
0.000194544
0.000196163
0.000197798
0.000199448
0.000201113
0.000202792
0.000204484
0.00020639
0.00020831
0.000210245
0.000212195
0.000214159
0.000216138
0.000218131
0.000220139
0.000222161
0.000224198
0.00022625
0.000228316
0.000230398
0.000232496
0.000234609
0.000236738
0.000238884
0.000241046
0.000243226
0.000245423
0.000247639
0.000249874
0.000252128
0.000254403
0.000256699
0.000259017
0.000261359
0.000263724
0.000266115
0.000268532
0.000270977
0.000273451
0.000275956
0.000278494
0.000281065
0.000283673
0.000286318
0.000289004
0.000291732
0.000294505
0.000297325
0.000300195
0.000303119
0.000306098
0.000309137
0.000312239
0.000315407
0.000318646
0.00032196
0.000325353
0.000328829
0.000332394
0.000336053
0.000339812
0.000343675
0.00034765
0.000351742
0.000355959
0.000360308
0.000364795
0.00036943
0.00037422
0.000379175
0.000384303
0.000389614
0.000395119
0.000400828
0.000406752
0.000412903
0.000419293
0.000425936
0.000432844
0.000440032
0.000447515
0.000455309
0.000463428
0.000471891
0.000480714
0.000489916
0.000499516
0.000509535
0.000519991
0.000530908
0.000542514
0.000554646
0.000567331
0.000580596
0.000594469
0.000608979
0.000624156
0.000640031
0.000656638
0.000674009
0.000692179
0.000711185
0.000731062
0.000751849
0.000773584
0.000796309
0.000820063
0.000844889
0.00087083
0.000897929
0.000926231
0.00095578
0.000986623
0.00101881
0.00105237
0.00108737
0.00112385
0.00116186
0.00120143
0.00124262
0.00128547
0.00133003
0.00137632
0.0014244
0.00147431
0.00152606
0.00157971
0.00163527
0.00169277
0.00175223
0.00181367
0.00187709
0.0019425
0.0020099
0.00207928
0.00215062
0.0022239
0.00229908
0.00237612
0.00245497
0.00253556
0.00261783
0.00270178
0.00278725
0.00287413
0.0029623
0.00305163
0.00314199
0.00323322
0.00332517
0.00341765
0.00351048
0.00360347
0.00369631
0.00378891
0.00388104
0.00397246
0.00406296
0.00415229
0.00424021
0.00432649
0.00441087
0.00449312
0.00457302
0.00465032
0.00472481
0.00479628
0.00486452
0.00492934
0.00499057
0.00504804
0.00510161
0.00515115
0.00519655
0.00523771
0.00527456
0.00530704
0.00533512
0.00535867
0.00537791
0.00539274
0.00540319
0.00540931
0.00541117
0.00540885
0.00540243
0.00539203
0.00537776
0.00535974
0.0053381
0.00531298
0.00528464
0.00525313
0.00521861
0.00518125
0.0051412
0.00509863
0.0050537
0.00500658
0.00495743
0.00490642
0.0048537
0.00479943
0.00474378
0.0046869
0.00462894
0.00457006
0.0045104
0.0044501
0.00438931
0.00432816
0.00426678
0.00420531
0.00414386
0.00408256
0.00402152
0.00396085
0.00390065
0.00384103
0.00378208
0.00372388
0.00366653
0.00361009
0.00355464
0.00350025
0.00344698
0.00339487
0.00334398
0.00329436
0.00324603
0.00319893
0.00315322
0.0031089
0.00306599
0.00302451
0.00298444
0.00294581
0.0029086
0.0028728
0.00283842
0.00280543
0.00277382
0.00274358
0.00271468
0.0026871
0.00266083
0.00263582
0.00261207
0.00258954
0.00256831
0.00254816
0.00252928
0.00251154
0.00249489
0.00247933
0.00246483
0.00245135
0.00243889
0.00242742
0.00241691
0.00240736
0.00239874
0.00239104
0.00238424
0.00237833
0.0023733
0.00236914
0.00236584
0.00236339
0.00236178
0.00236101
0.00236107
0.00236197
0.00236369
0.00236615
0.00236944
0.00237358
0.00237855
0.00238435
0.00239098
0.00239843
0.00240671
0.00241581
0.00242573
0.00243646
0.00244799
0.00246033
0.00247345
0.00248736
0.00250205
0.00251749
0.00253367
0.00255059
0.00256822
0.00258655
0.00260555
0.00262519
0.00264547
0.00266634
0.00268768
0.00270967
0.00273216
0.00275513
0.00277853
0.00280242
0.0028267
0.00285131
0.00287623
0.00290141
0.00292682
0.00295241
0.00297814
0.00300398
0.00302989
0.00305582
0.00308174
0.00310762
0.00313341
0.00315909
0.00318461
0.00320996
0.0032351
0.00326
0.00328463
0.00330898
0.00333303
0.00335674
0.00338011
0.00340312
0.00342576
0.00344801
0.00346986
0.00349121
0.00351216
0.00353271
0.00355285
0.00357257
0.00359187
0.00361074
0.00362917
0.00364716
0.0036647
0.00368178
0.00369841
0.00371456
0.00373022
0.00374539
0.00376006
0.0037742
0.00378779
0.00380083
0.00381329
0.00382515
0.00383639
0.00384697
0.00385688
0.00386611
0.00387473
0.00388261
0.00388973
0.00389606
0.00390158
0.00390627
0.0039101
0.00391306
0.00391512
0.00391628
0.00391651
0.00391582
0.00391419
0.00391162
0.00390812
0.00390368
0.00389832
0.00389206
0.0038849
0.00387687
0.00386799
0.0038583
0.00384783
0.00383661
0.00382467
0.00381208
0.00379885
0.00378505
0.00377072
0.00375591
0.00374067
0.00372505
0.0037091
0.00369287
0.00367641
0.00365967
0.00364282
0.00362589
0.00360893
0.00359198
0.00357506
0.00355823
0.0035415
0.0035249
0.00350847
0.00349222
0.00347617
0.00346034
0.00344474
0.00342938
0.00341427
0.00339942
0.00338482
0.00337059
0.00335663
0.00334295
0.00332944
0.00331632
0.00330345
0.00329084
0.00327849
0.00326639
0.00325453
0.00324291
0.00323153
0.00322038
0.00320947
0.00319878
0.00318833
0.00317811
0.00316812
0.00315838
0.00314888
0.00313963
0.00313064
0.00312193
0.00311349
0.00310534
0.0030975
0.00308998
0.00308279
0.00307594
0.00306945
0.00306334
0.00305761
0.00305219
0.0030472
0.00304266
0.00303857
0.00303493
0.00303177
0.00302908
0.00302687
0.00302514
0.00302389
0.00302313
0.00302284
0.00302303
0.00302369
0.00302482
0.00302639
0.0030284
0.00303084
0.00303368
0.00303692
0.00304053
0.00304449
0.00304878
0.00305339
0.00305841
0.0030637
0.00306925
0.00307503
0.00308102
0.00308719
0.00309352
0.0031
0.0031066
0.0031133
0.00312007
0.00312692
0.00313381
0.00314073
0.00314768
0.00315463
0.00316159
0.00316854
0.00317548
0.0031824
0.00318931
0.0031962
0.00320308
0.00320994
0.0032168
0.00322365
0.00323051
0.00323738
0.00324427
0.0032511
0.00325797
0.00326491
0.00327192
0.003279
0.00328616
0.0032934
0.00330073
0.00330815
0.00331566
0.00332325
0.00333093
0.00333869
0.00334653
0.00335443
0.00336238
0.00337038
0.0033784
0.00338643
0.00339445
0.00340243
0.00341036
0.00341822
0.00342606
0.00343371
0.00344131
0.00344874
0.00345598
0.003463
0.00346977
0.00347626
0.00348246
0.00348833
0.00349386
0.00349903
0.00350381
0.00350819
0.00351216
0.0035157
0.0035188
0.00352147
0.00352369
0.00352547
0.00352681
0.00352771
0.00352818
0.00352823
0.00352788
0.00352715
0.00352604
0.00352458
0.00352279
0.0035207
0.00351833
0.0035157
0.00351284
0.00350968
0.00350636
0.00350291
0.00349934
0.00349568
0.00349195
0.00348817
0.00348436
0.00348053
0.00347671
0.0034729
0.00346911
0.00346536
0.00346164
0.00345797
0.00345435
0.00345077
0.00344723
0.00344373
0.00344026
0.00343682
0.00343349
0.00343018
0.00342679
0.0034235
0.00342019
0.00341686
0.00341348
0.00341006
0.00340658
0.00340302
0.00339938
0.00339565
0.00339183
0.0033879
0.00338387
0.00337973
0.00337548
0.00337113
0.00336667
0.00336212
0.00335748
0.00335276
0.00334798
0.00334314
0.00333826
0.00333335
0.00332845
0.00332355
0.00331868
0.00331387
0.00330912
0.00330447
0.00329983
0.00329533
0.003291
0.00328686
0.0032829
0.00327916
0.00327563
0.00327234
0.00326929
0.00326648
0.00326393
0.00326164
0.0032596
0.00325782
0.00325629
0.00325501
0.00325397
0.00325315
0.00325256
0.00325217
0.00325197
0.00325194
0.00325217
0.00325246
0.00325299
0.00325364
0.00325439
0.00325521
0.00325609
0.00325702
0.00325796
0.00325892
0.00325987
0.00326079
0.00326168
0.00326252
0.00326331
0.00326403
0.00326468
0.00326526
0.00326577
0.0032662
0.00326656
0.00326685
0.00326708
0.00326726
0.00326739
0.0032675
0.00326758
0.00326766
0.00326775
0.00326786
0.00326801
0.00326821
0.0032684
0.00326869
0.0032691
0.00326964
0.00327033
0.00327117
0.00327217
0.00327334
0.00327469
0.00327622
0.00327794
0.00327985
0.00328194
0.00328421
0.00328666
0.00328928
0.00329206
0.00329499
0.00329805
0.00330122
0.0033045
0.00330786
0.00331138
0.00331488
0.00331851
0.00332216
0.0033258
0.00332942
0.00333299
0.00333649
0.00333991
0.00334322
0.0033464
0.00334944
0.00335233
0.00335505
0.0033576
0.00335995
0.00336211
0.00336407
0.00336582
0.00336738
0.00336873
0.00336989
0.00337086
0.00337165
0.00337226
0.00337272
0.00337304
0.00337322
0.00337329
0.00337326
0.00337315
0.00337298
0.00337267
0.00337236
0.00337205
0.00337176
0.00337151
0.00337132
0.00337118
0.00337112
0.00337114
0.00337126
0.00337146
0.00337177
0.00337218
0.00337268
0.00337329
0.00337398
0.00337476
0.00337561
0.00337653
0.0033775
0.0033785
0.00337952
0.00338065
0.0033817
0.00338282
0.00338392
0.00338496
0.00338592
0.0033868
0.00338757
0.00338821
0.00338872
0.00338907
0.00338926
0.00338926
0.00338908
0.00338871
0.00338813
0.00338735
0.00338637
0.00338519
0.0033838
0.00338223
0.00338046
0.00337853
0.00337642
0.00337417
0.00337179
0.00336929
0.00336669
0.003364
0.00336126
0.00335848
0.00335568
0.00335279
0.00334994
0.00334714
0.00334442
0.00334179
0.00333926
0.00333686
0.00333458
0.00333245
0.00333047
0.00332864
0.00332698
0.00332548
0.00332414
0.00332297
0.00332196
0.0033211
0.00332038
0.00331979
0.00331933
0.00331897
0.0033187
0.00331862
0.00331851
0.00331857
0.00331867
0.00331879
0.00331891
0.00331902
0.0033191
0.00331913
0.00331911
0.003319
0.00331882
0.00331853
0.00331813
0.00331762
0.00331699
0.00331624
0.00331536
0.00331436
0.00331323
0.00331199
0.00331063
0.00330918
0.00330763
0.00330601
0.00330432
0.00330259
0.00330082
0.00329904
0.00329725
0.00329549
0.00329377
0.00329202
0.00329036
0.0032888
0.00328737
0.00329056
0.00329375
0.00329696
0.00330019
0.00330346
0.00330678
0.00331014
0.00331355
0.00331701
0.00332052
0.00332407
0.00332765
0.00333125
0.00333487
0.00333848
0.00334209
0.00334565
0.00334917
0.00335273
0.00335621
0.0033596
0.00336289
0.00336605
0.00336907
0.00337193
0.00337451
0.00337701
0.00337931
0.00338139
0.00338324
0.00338486
0.00338623
0.00338736
0.00338825
0.00338888
0.00338927
0.00338942
0.00338935
0.00338905
0.00338854
0.00338783
0.00338694
0.00338589
0.0033847
0.00338338
0.00338195
0.00338044
0.00337886
0.00337724
0.0033756
0.00337396
0.00337234
0.00337076
0.00336924
0.00336769
0.00336625
0.00336493
0.00336373
0.00336266
0.00336172
0.00336093
0.00336028
0.00335978
0.0033594
0.00335917
0.00335905
0.00335905
0.00335915
0.00335935
0.00335961
0.00335993
0.00336029
0.00336078
0.00336128
0.00336179
0.00336227
0.00336272
0.00336312
0.00336345
0.00336369
0.00336383
0.00336386
0.00336376
0.00336352
0.00336314
0.00336261
0.00336192
0.00336098
0.00335998
0.00335884
0.00335754
0.0033561
0.00335452
0.00335281
0.003351
0.00334909
0.0033471
0.00334504
0.00334294
0.00334081
0.00333868
0.00333656
0.00333447
0.00333243
0.00333047
0.00332859
0.00332682
0.00332518
0.00332358
0.00332215
0.0033209
0.00331984
0.00331896
0.00331828
0.0033178
0.00331752
0.00331743
0.00331753
0.00331782
0.00331828
0.00331891
0.00331968
0.00332059
0.00332162
0.00332275
0.00332396
0.00332534
0.00332678
0.00332825
0.00332975
0.00333124
0.00333272
0.00333416
0.00333554
0.00333686
0.00333809
0.00333922
0.00334023
0.00334113
0.00334189
0.00334252
0.00334301
0.00334326
0.00334347
0.00334355
0.00334349
0.0033433
0.00334299
0.00334258
0.00334207
0.00334148
0.00334082
0.00334011
0.00333937
0.00333862
0.00333787
0.00333714
0.00333645
0.00333582
0.00333527
0.00333481
0.00333445
0.00333413
0.00333395
0.00333393
0.00333408
0.00333439
0.00333488
0.00333554
0.00333638
0.00333738
0.00333855
0.00333988
0.00334136
0.00334297
0.0033447
0.00334654
0.00334846
0.00335046
0.00335251
0.00335469
0.00335689
0.00335911
0.0033613
0.00336346
0.00336557
0.0033676
0.00336954
0.00337137
0.00337308
0.00337464
0.00337606
0.00337731
0.00337839
0.0033793
0.00338002
0.00338047
0.00338083
0.00338102
0.00338103
0.00338087
0.00338055
0.00338008
0.00337948
0.00337875
0.00337792
0.003377
0.00337601
0.00337497
0.0033739
0.00337281
0.00337173
0.00337068
0.00336967
0.00336871
0.00336784
0.00336696
0.0033662
0.00336556
0.00336507
0.00336472
0.00336452
0.00336447
0.00336457
0.00336481
0.0033652
0.00336573
0.00336638
0.00336715
0.00336803
0.00336899
0.00337002
0.00337111
0.00337224
0.00337349
0.00337474
0.00337599
0.00337722
0.0033784
0.00337952
0.00338056
0.0033815
0.00338232
0.00338302
0.00338357
0.00338397
0.00338421
0.00338428
0.00338417
0.00338388
0.00338332
0.00338269
0.00338189
0.00338092
0.00337978
0.0033785
0.00337708
0.00337554
0.00337389
0.00337215
0.00337034
0.00336847
0.00336657
0.00336465
0.00336274
0.00336086
0.00335902
0.00335724
0.00335555
0.00335395
0.00335237
0.00335093
0.00334965
0.00334852
0.00334757
0.00334678
0.00334617
0.00334573
0.00334547
0.00334537
0.00334543
0.00334564
0.003346
0.00334649
0.00334708
0.00334778
0.00334856
0.0033494
0.00335038
0.00335141
0.00335245
0.0033535
0.00335452
0.00335552
0.00335645
0.00335732
0.0033581
0.00335877
0.00335933
0.00335977
0.00336007
0.00336022
0.00336023
0.00336008
0.00335969
0.00335925
0.00335866
0.00335793
0.00335706
0.00335607
0.00335496
0.00335375
0.00335246
0.00335109
0.00334968
0.00334823
0.00334676
0.0033453
0.00334386
0.00334246
0.00334112
0.00333986
0.0033387
0.00333765
0.00333663
0.00333576
0.00333506
0.00333453
0.00333417
0.003334
0.003334
0.00333419
0.00333456
0.0033351
0.00333581
0.00333668
0.00333769
0.00333883
0.0033401
0.00334146
0.00334291
0.00334441
0.00334607
0.00334776
0.00334947
0.00335119
0.00335288
0.00335453
0.00335613
0.00335765
0.00335908
0.0033604
0.0033616
0.00336266
0.00336358
0.00336435
0.00336496
0.00336541
0.0033656
0.00336574
0.00336571
0.00336552
0.00336519
0.00336472
0.00336412
0.0033634
0.00336258
0.00336168
0.00336071
0.00335969
0.00335864
0.00335757
0.00335651
0.00335547
0.00335448
0.00335355
0.00335269
0.00335193
0.00335119
0.00335057
0.00335011
0.0033498
0.00334964
0.00334966
0.00334983
0.00335017
0.00335067
0.00335133
0.00335214
0.00335308
0.00335416
0.00335535
0.00335664
0.00335802
0.00335946
0.00336095
0.00336257
0.0033642
0.00336585
0.00336747
0.00336906
0.00337059
0.00337205
0.00337342
0.00337468
0.00337582
0.00337682
0.00337767
0.00337836
0.00337888
0.00337924
0.00337942
0.00337932
0.00337916
0.00337882
0.00337831
0.00337765
0.00337683
0.00337587
0.00337479
0.0033736
0.00337231
0.00337095
0.00336953
0.00336807
0.00336659
0.00336511
0.00336365
0.00336222
0.00336086
0.00335956
0.00335836
0.00335717
0.00335611
0.0033552
0.00335443
0.00335383
0.00335339
0.00335311
0.003353
0.00335305
0.00335326
0.00335362
0.00335412
0.00335475
0.0033555
0.00335635
0.00335729
0.0033583
0.00335936
0.00336055
0.00336178
0.00336301
0.00336422
0.00336541
0.00336655
0.00336763
0.00336862
0.0033695
0.00337028
0.00337093
0.00337143
0.00337179
0.00337199
0.00337203
0.00337191
0.00337152
0.00337107
0.00337046
0.0033697
0.00336879
0.00336774
0.00336656
0.00336527
0.00336388
0.00336241
0.00336088
0.0033593
0.0033577
0.00335609
0.00335449
0.00335292
0.00335141
0.00334996
0.0033486
0.00334735
0.00334611
0.00334503
0.00334409
0.00334333
0.00334273
0.0033423
0.00334205
0.00334198
0.00334208
0.00334235
0.00334278
0.00334337
0.00334409
0.00334494
0.00334591
0.00334698
0.00334812
0.00334932
0.00335067
0.00335205
0.00335345
0.00335485
0.00335623
0.00335756
0.00335884
0.00336004
0.00336115
0.00336215
0.00336303
0.00336378
0.00336439
0.00336485
0.00336514
0.00336529
0.00336517
0.003365
0.00336467
0.00336419
0.00336357
0.00336281
0.00336193
0.00336093
0.00335985
0.00335868
0.00335745
0.00335617
0.00335487
0.00335357
0.00335227
0.00335101
0.0033498
0.00334865
0.0033476
0.00334664
0.0033457
0.00334491
0.00334427
0.00334379
0.00334348
0.00334334
0.00334337
0.00334358
0.00334395
0.00334449
0.00334518
0.00334603
0.00334701
0.00334811
0.00334933
0.00335063
0.00335201
0.00335344
0.00335501
0.00335661
0.00335823
0.00335983
0.00336141
0.00336293
0.0033644
0.00336578
0.00336706
0.00336822
0.00336926
0.00337015
0.0033709
0.00337148
0.00337191
0.00337216
0.00337215
0.00337208
0.00337184
0.00337144
0.00337088
0.00337018
0.00336935
0.0033684
0.00336735
0.00336621
0.003365
0.00336373
0.00336243
0.00336111
0.0033598
0.00335852
0.00335727
0.00335609
0.00335498
0.00335397
0.00335297
0.0033521
0.00335139
0.00335082
0.00335042
0.00335019
0.00335011
0.00335021
0.00335047
0.00335088
0.00335145
0.00335217
0.00335301
0.00335397
0.00335504
0.00335619
0.00335741
0.00335868
0.00336009
0.00336152
0.00336296
0.00336438
0.00336578
0.00336712
0.00336839
0.00336958
0.00337067
0.00337164
0.00337248
0.00337317
0.00337371
0.0033741
0.00337432
0.00337436
0.00337414
0.00337386
0.00337342
0.00337281
0.00337205
0.00337114
0.00337011
0.00336895
0.0033677
0.00336635
0.00336494
0.00336348
0.00336198
0.00336047
0.00335897
0.00335749
0.00335606
0.0033547
0.00335341
0.00335222
0.00335105
0.00335002
0.00334913
0.00334841
0.00334785
0.00334746
0.00334724
0.00334719
0.00334731
0.00334759
0.00334802
0.00334861
0.00334933
0.00335017
0.00335112
0.00335217
0.00335328
0.00335446
0.00335577
0.00335711
0.00335846
0.00335981
0.00336113
0.00336241
0.00336362
0.00336475
0.00336579
0.00336671
0.00336751
0.00336817
0.00336868
0.00336905
0.00336925
0.00336928
0.00336906
0.00336878
0.00336834
0.00336774
0.003367
0.00336612
0.00336511
0.00336399
0.00336278
0.00336148
0.00336011
0.0033587
0.00335727
0.00335582
0.00335439
0.00335299
0.00335163
0.00335035
0.00334915
0.00334805
0.00334697
0.00334603
0.00334525
0.00334463
0.00334418
0.00334389
0.00334379
0.00334385
0.00334408
0.00334448
0.00334504
0.00334575
0.0033466
0.00334757
0.00334865
0.00334982
0.00335107
0.00335238
0.00335382
0.0033553
0.00335679
0.00335828
0.00335974
0.00336115
0.00336251
0.00336378
0.00336495
0.00336602
0.00336695
0.00336775
0.00336841
0.0033689
0.00336924
0.00336941
0.00336932
0.00336918
0.00336887
0.0033684
0.00336779
0.00336703
0.00336615
0.00336515
0.00336405
0.00336287
0.00336162
0.00336032
0.00335899
0.00335765
0.00335632
0.00335501
0.00335376
0.00335256
0.00335145
0.00335044
0.00334944
0.00334858
0.00334788
0.00334733
0.00334694
0.00334673
0.00334668
0.0033468
0.00334709
0.00334755
0.00334815
0.0033489
0.00334979
0.0033508
0.00335191
0.00335312
0.0033544
0.00335573
0.00335719
0.00335868
0.00336019
0.00336168
0.00336315
0.00336456
0.00336591
0.00336718
0.00336835
0.00336939
0.00337032
0.0033711
0.00337173
0.0033722
0.0033725
0.00337264
0.00337251
0.00337233
0.00337197
0.00337146
0.0033708
0.00336999
0.00336905
0.00336799
0.00336683
0.00336558
0.00336427
0.0033629
0.0033615
0.00336008
0.00335868
0.0033573
0.00335596
0.00335469
0.0033535
0.0033524
0.00335132
0.00335037
0.00334958
0.00334894
0.00334847
0.00334816
0.00334803
0.00334806
0.00334825
0.00334861
0.00334913
0.00334979
0.00335058
0.0033515
0.00335252
0.00335363
0.00335481
0.00335605
0.00335742
0.00335882
0.00336023
0.00336164
0.00336301
0.00336434
0.0033656
0.00336678
0.00336785
0.00336882
0.00336965
0.00337035
0.0033709
0.00337129
0.00337152
0.00337158
0.00337138
0.00337112
0.00337069
0.00337011
0.00336938
0.00336851
0.0033675
0.00336639
0.00336517
0.00336386
0.0033625
0.00336108
0.00335963
0.00335817
0.00335672
0.0033553
0.00335393
0.00335262
0.00335139
0.00335027
0.00334916
0.00334819
0.00334737
0.00334672
0.00334623
0.00334591
0.00334576
0.00334578
0.00334597
0.00334632
0.00334683
0.00334749
0.00334829
0.0033492
0.00335023
0.00335135
0.00335255
0.0033538
0.00335519
0.0033566
0.00335804
0.00335946
0.00336086
0.00336221
0.0033635
0.00336471
0.00336582
0.00336682
0.00336769
0.00336843
0.00336902
0.00336945
0.00336972
0.00336983
0.00336967
0.00336946
0.00336909
0.00336855
0.00336787
0.00336705
0.00336611
0.00336505
0.00336388
0.00336264
0.00336133
0.00335997
0.00335858
0.00335719
0.0033558
0.00335444
0.00335313
0.00335188
0.00335072
0.00334965
0.00334861
0.0033477
0.00334695
0.00334635
0.00334593
0.00334567
0.00334558
0.00334566
0.00334591
0.00334633
0.0033469
0.00334762
0.00334847
0.00334945
0.00335054
0.00335172
0.00335297
0.00335427
0.00335571
0.00335719
0.00335867
0.00336015
0.0033616
0.003363
0.00336434
0.0033656
0.00336675
0.0033678
0.00336871
0.00336949
0.00337012
0.00337059
0.0033709
0.00337104
0.00337092
0.00337074
0.0033704
0.00336989
0.00336924
0.00336845
0.00336752
0.00336648
0.00336534
0.00336411
0.00336282
0.00336148
0.0033601
0.00335871
0.00335733
0.00335598
0.00335468
0.00335343
0.00335227
0.00335121
0.00335016
0.00334925
0.0033485
0.0033479
0.00334746
0.00334719
0.00334709
0.00334716
0.0033474
0.0033478
0.00334835
0.00334906
0.00334989
0.00335085
0.00335191
0.00335307
0.00335429
0.00335558
0.00335699
0.00335844
0.00335989
0.00336134
0.00336276
0.00336413
0.00336543
0.00336665
0.00336778
0.00336878
0.00336966
0.0033704
0.00337099
0.00337143
0.0033717
0.0033718
0.00337164
0.00337142
0.00337103
0.00337049
0.00336979
0.00336896
0.00336799
0.00336691
0.00336572
0.00336445
0.00336312
0.00336173
0.00336031
0.00335888
0.00335746
0.00335607
0.00335472
0.00335344
0.00335224
0.00335113
0.00335004
0.0033491
0.0033483
0.00334766
0.00334719
0.00334688
0.00334675
0.00334678
0.00334698
0.00334735
0.00334787
0.00334854
0.00334934
0.00335027
0.0033513
0.00335242
0.00335362
0.00335487
0.00335626
0.00335768
0.00335911
0.00336053
0.00336193
0.00336328
0.00336456
0.00336576
0.00336687
0.00336786
0.00336872
0.00336944
0.00337002
0.00337044
0.0033707
0.00337079
0.00337062
0.00337039
0.00337
0.00336945
0.00336875
0.00336791
0.00336694
0.00336585
0.00336467
0.0033634
0.00336207
0.00336069
0.00335927
0.00335785
0.00335644
0.00335505
0.00335371
0.00335244
0.00335125
0.00335015
0.00334908
0.00334815
0.00334736
0.00334674
0.00334628
0.003346
0.00334588
0.00334593
0.00334615
0.00334654
0.00334708
0.00334777
0.0033486
0.00334954
0.0033506
0.00335175
0.00335297
0.00335425
0.00335566
0.00335711
0.00335856
0.00336001
0.00336144
0.00336281
0.00336412
0.00336535
0.00336648
0.0033675
0.00336839
0.00336915
0.00336975
0.0033702
0.00337049
0.00337061
0.00337046
0.00337026
0.0033699
0.00336938
0.00336871
0.0033679
0.00336696
0.0033659
0.00336474
0.0033635
0.00336219
0.00336084
0.00335945
0.00335805
0.00335666
0.0033553
0.00335399
0.00335274
0.00335157
0.0033505
0.00334945
0.00334853
0.00334777
0.00334717
0.00334673
0.00334646
0.00334636
0.00334643
0.00334667
0.00334707
0.00334763
0.00334834
0.00334918
0.00335014
0.00335121
0.00335237
0.0033536
0.00335489
0.00335631
0.00335777
0.00335923
0.00336069
0.00336212
0.0033635
0.00336482
0.00336605
0.00336719
0.00336821
0.0033691
0.00336985
0.00337046
0.00337091
0.00337119
0.00337131
0.00337117
0.00337096
0.0033706
0.00337007
0.00336939
0.00336857
0.00336763
0.00336656
0.0033654
0.00336415
0.00336283
0.00336146
0.00336007
0.00335866
0.00335726
0.00335588
0.00335455
0.00335329
0.00335211
0.00335102
0.00334996
0.00334903
0.00334825
0.00334763
0.00334718
0.00334689
0.00334677
0.00334683
0.00334705
0.00334743
0.00334797
0.00334866
0.00334948
0.00335042
0.00335147
0.00335261
0.00335383
0.0033551
0.0033565
0.00335794
0.00335938
0.00336082
0.00336223
0.00336359
0.00336489
0.0033661
0.00336722
0.00336822
0.00336909
0.00336983
0.00337042
0.00337085
0.00337111
0.00337121
0.00337105
0.00337083
0.00337045
0.0033699
0.00336921
0.00336838
0.00336741
0.00336633
0.00336515
0.00336389
0.00336256
0.00336118
0.00335976
0.00335834
0.00335693
0.00335554
0.0033542
0.00335293
0.00335174
0.00335064
0.00334956
0.00334863
0.00334784
0.00334722
0.00334675
0.00334646
0.00334634
0.00334639
0.0033466
0.00334698
0.00334751
0.0033482
0.00334901
0.00334995
0.003351
0.00335214
0.00335336
0.00335462
0.00335603
0.00335746
0.00335891
0.00336035
0.00336176
0.00336312
0.00336442
0.00336564
0.00336676
0.00336776
0.00336864
0.00336938
0.00336997
0.00337041
0.00337068
0.00337079
0.00337064
0.00337042
0.00337005
0.00336951
0.00336883
0.003368
0.00336705
0.00336598
0.00336481
0.00336355
0.00336223
0.00336086
0.00335946
0.00335805
0.00335665
0.00335527
0.00335395
0.00335268
0.0033515
0.00335042
0.00334936
0.00334843
0.00334766
0.00334705
0.0033466
0.00334632
0.00334621
0.00334627
0.0033465
0.00334689
0.00334743
0.00334813
0.00334896
0.00334991
0.00335097
0.00335213
0.00335335
0.00335463
0.00335605
0.0033575
0.00335895
0.00336041
0.00336183
0.0033632
0.00336452
0.00336575
0.00336688
0.00336789
0.00336878
0.00336953
0.00337014
0.00337058
0.00337086
0.00337098
0.00337084
0.00337063
0.00337026
0.00336974
0.00336906
0.00336824
0.0033673
0.00336623
0.00336507
0.00336382
0.00336251
0.00336114
0.00335975
0.00335834
0.00335694
0.00335557
0.00335425
0.00335299
0.00335181
0.00335073
0.00334967
0.00334875
0.00334798
0.00334736
0.00334692
0.00334664
0.00334653
0.00334659
0.00334682
0.00334721
0.00334775
0.00334845
0.00334928
0.00335023
0.00335129
0.00335243
0.00335366
0.00335493
0.00335635
0.00335779
0.00335925
0.00336069
0.00336211
0.00336348
0.00336479
0.00336601
0.00336714
0.00336815
0.00336903
0.00336978
0.00337037
0.00337081
0.00337109
0.0033712
0.00337104
0.00337083
0.00337045
0.00336992
0.00336924
0.00336841
0.00336745
0.00336638
0.00336521
0.00336396
0.00336263
0.00336126
0.00335986
0.00335844
0.00335703
0.00335566
0.00335432
0.00335306
0.00335187
0.00335078
0.00334971
0.00334878
0.003348
0.00334738
0.00334692
0.00334663
0.00334651
0.00334657
0.00334679
0.00334717
0.00334771
0.00334839
0.00334921
0.00335016
0.00335121
0.00335235
0.00335357
0.00335484
0.00335624
0.00335768
0.00335913
0.00336057
0.00336198
0.00336334
0.00336464
0.00336586
0.00336698
0.00336799
0.00336887
0.00336961
0.0033702
0.00337063
0.0033709
0.00337101
0.00337085
0.00337064
0.00337026
0.00336972
0.00336903
0.0033682
0.00336725
0.00336617
0.003365
0.00336374
0.00336242
0.00336104
0.00335964
0.00335822
0.00335682
0.00335544
0.00335411
0.00335284
0.00335165
0.00335057
0.0033495
0.00334857
0.00334779
0.00334717
0.00334671
0.00334643
0.00334631
0.00334637
0.00334659
0.00334698
0.00334752
0.00334821
0.00334903
0.00334998
0.00335103
0.00335218
0.0033534
0.00335467
0.00335608
0.00335752
0.00335898
0.00336042
0.00336184
0.00336321
0.00336451
0.00336574
0.00336686
0.00336787
0.00336876
0.0033695
0.0033701
0.00337054
0.00337082
0.00337093
0.00337078
0.00337057
0.00337019
0.00336966
0.00336898
0.00336816
0.00336721
0.00336614
0.00336497
0.00336372
0.0033624
0.00336103
0.00335963
0.00335823
0.00335682
0.00335545
0.00335412
0.00335286
0.00335168
0.0033506
0.00334954
0.00334861
0.00334784
0.00334722
0.00334677
0.00334649
0.00334638
0.00334644
0.00334667
0.00334706
0.0033476
0.0033483
0.00334913
0.00335008
0.00335113
0.00335228
0.00335351
0.00335479
0.0033562
0.00335764
0.0033591
0.00336054
0.00336196
0.00336334
0.00336465
0.00336587
0.003367
0.00336801
0.0033689
0.00336964
0.00337024
0.00337068
0.00337096
0.00337107
0.00337092
0.00337071
0.00337034
0.00336981
0.00336913
0.0033683
0.00336735
0.00336629
0.00336512
0.00336386
0.00336254
0.00336117
0.00335977
0.00335836
0.00335696
0.00335559
0.00335426
0.00335299
0.00335181
0.00335073
0.00334966
0.00334873
0.00334796
0.00334734
0.00334689
0.0033466
0.00334649
0.00334655
0.00334677
0.00334716
0.0033477
0.00334839
0.00334921
0.00335016
0.00335122
0.00335236
0.00335358
0.00335486
0.00335627
0.00335771
0.00335916
0.0033606
0.00336202
0.00336339
0.00336469
0.00336591
0.00336703
0.00336804
0.00336892
0.00336967
0.00337026
0.0033707
0.00337097
0.00337108
0.00337093
0.00337071
0.00337034
0.0033698
0.00336912
0.00336829
0.00336733
0.00336626
0.00336509
0.00336383
0.00336251
0.00336114
0.00335974
0.00335832
0.00335692
0.00335554
0.00335421
0.00335294
0.00335175
0.00335067
0.0033496
0.00334867
0.00334789
0.00334727
0.00334682
0.00334653
0.00334641
0.00334647
0.00334669
0.00334707
0.00334762
0.0033483
0.00334913
0.00335007
0.00335113
0.00335227
0.00335349
0.00335476
0.00335617
0.00335761
0.00335906
0.0033605
0.00336192
0.00336329
0.00336459
0.00336581
0.00336694
0.00336794
0.00336883
0.00336957
0.00337016
0.0033706
0.00337088
0.00337098
0.00337083
0.00337062
0.00337024
0.00336971
0.00336902
0.0033682
0.00336725
0.00336618
0.00336501
0.00336375
0.00336243
0.00336106
0.00335966
0.00335824
0.00335684
0.00335547
0.00335414
0.00335287
0.00335169
0.0033506
0.00334954
0.00334861
0.00334783
0.00334722
0.00334676
0.00334648
0.00334637
0.00334642
0.00334665
0.00334704
0.00334758
0.00334827
0.0033491
0.00335004
0.0033511
0.00335225
0.00335347
0.00335475
0.00335616
0.0033576
0.00335905
0.0033605
0.00336192
0.00336329
0.00336459
0.00336582
0.00336694
0.00336795
0.00336884
0.00336958
0.00337018
0.00337062
0.0033709
0.00337101
0.00337086
0.00337065
0.00337027
0.00336974
0.00336906
0.00336824
0.00336728
0.00336622
0.00336505
0.0033638
0.00336248
0.00336111
0.00335971
0.0033583
0.00335689
0.00335552
0.00335419
0.00335293
0.00335175
0.00335066
0.0033496
0.00334867
0.00334789
0.00334728
0.00334683
0.00334654
0.00334643
0.00334649
0.00334671
0.0033471
0.00334764
0.00334834
0.00334916
0.00335011
0.00335117
0.00335231
0.00335354
0.00335481
0.00335622
0.00335766
0.00335912
0.00336056
0.00336198
0.00336335
0.00336466
0.00336588
0.003367
0.00336801
0.0033689
0.00336964
0.00337024
0.00337068
0.00337095
0.00337106
0.00337091
0.0033707
0.00337032
0.00336979
0.00336911
0.00336828
0.00336733
0.00336626
0.00336509
0.00336384
0.00336251
0.00336114
0.00335974
0.00335833
0.00335693
0.00335555
0.00335422
0.00335295
0.00335177
0.00335068
0.00334962
0.00334869
0.00334791
0.00334729
0.00334684
0.00334656
0.00334644
0.0033465
0.00334672
0.00334711
0.00334765
0.00334834
0.00334916
0.00335011
0.00335116
0.00335231
0.00335353
0.0033548
0.00335621
0.00335765
0.0033591
0.00336055
0.00336196
0.00336333
0.00336464
0.00336586
0.00336698
0.00336799
0.00336887
0.00336961
0.00337021
0.00337065
0.00337092
0.00337103
0.00337088
0.00337067
0.00337029
0.00336975
0.00336907
0.00336825
0.00336729
0.00336622
0.00336505
0.0033638
0.00336247
0.0033611
0.0033597
0.00335829
0.00335688
0.00335551
0.00335418
0.00335291
0.00335173
0.00335064
0.00334957
0.00334864
0.00334787
0.00334725
0.0033468
0.00334651
0.0033464
0.00334645
0.00334668
0.00334706
0.0033476
0.00334829
0.00334912
0.00335007
0.00335112
0.00335227
0.00335349
0.00335476
0.00335617
0.00335761
0.00335907
0.00336051
0.00336193
0.0033633
0.0033646
0.00336582
0.00336695
0.00336796
0.00336884
0.00336958
0.00337018
0.00337062
0.00337089
0.00337101
0.00337085
0.00337064
0.00337027
0.00336973
0.00336905
0.00336823
0.00336727
0.00336621
0.00336504
0.00336378
0.00336246
0.00336109
0.00335969
0.00335828
0.00335687
0.0033555
0.00335417
0.00335291
0.00335172
0.00335064
0.00334957
0.00334865
0.00334787
0.00334725
0.0033468
0.00334652
0.0033464
0.00334646
0.00334668
0.00334707
0.00334762
0.00334831
0.00334913
0.00335008
0.00335114
0.00335228
0.00335351
0.00335478
0.00335619
0.00335763
0.00335909
0.00336053
0.00336195
0.00336332
0.00336462
0.00336585
0.00336697
0.00336798
0.00336887
0.00336961
0.00337021
0.00337065
0.00337092
0.00337103
0.00337088
0.00337067
0.0033703
0.00336976
0.00336908
0.00336826
0.0033673
0.00336624
0.00336507
0.00336381
0.00336249
0.00336112
0.00335972
0.00335831
0.0033569
0.00335553
0.0033542
0.00335294
0.00335175
0.00335067
0.0033496
0.00334867
0.0033479
0.00334728
0.00334683
0.00334654
0.00334643
0.00334649
0.00334671
0.0033471
0.00334764
0.00334833
0.00334916
0.0033501
0.00335116
0.00335231
0.00335353
0.0033548
0.00335621
0.00335765
0.0033591
0.00336055
0.00336196
0.00336333
0.00336464
0.00336586
0.00336699
0.003368
0.00336888
0.00336962
0.00337022
0.00337066
0.00337093
0.00337104
0.00337089
0.00337068
0.0033703
0.00336977
0.00336908
0.00336826
0.00336731
0.00336624
0.00336507
0.00336381
0.00336249
0.00336112
0.00335972
0.0033583
0.0033569
0.00335552
0.00335419
0.00335293
0.00335175
0.00335066
0.00334959
0.00334866
0.00334789
0.00334727
0.00334682
0.00334653
0.00334642
0.00334647
0.0033467
0.00334708
0.00334763
0.00334831
0.00334914
0.00335009
0.00335114
0.00335229
0.00335351
0.00335478
0.00335619
0.00335763
0.00335909
0.00336053
0.00336195
0.00336332
0.00336462
0.00336584
0.00336697
0.00336798
0.00336886
0.0033696
0.0033702
0.00337063
0.00337091
0.00337102
0.00337087
0.00337066
0.00337028
0.00336975
0.00336906
0.00336824
0.00336729
0.00336622
0.00336505
0.00336379
0.00336247
0.0033611
0.0033597
0.00335829
0.00335688
0.00335551
0.00335418
0.00335291
0.00335173
0.00335064
0.00334958
0.00334865
0.00334787
0.00334726
0.0033468
0.00334652
0.0033464
0.00334646
0.00334668
0.00334707
0.00334761
0.0033483
0.00334913
0.00335008
0.00335113
0.00335228
0.0033535
0.00335478
0.00335619
0.00335763
0.00335908
0.00336052
0.00336194
0.00336331
0.00336462
0.00336584
0.00336696
0.00336797
0.00336886
0.0033696
0.0033702
0.00337063
0.00337091
0.00337102
0.00337087
0.00337066
0.00337028
0.00336975
0.00336907
0.00336824
0.00336729
0.00336622
0.00336505
0.0033638
0.00336248
0.00336111
0.00335971
0.00335829
0.00335689
0.00335552
0.00335419
0.00335292
0.00335174
0.00335065
0.00334959
0.00334866
0.00334788
0.00334727
0.00334681
0.00334653
0.00334642
0.00334647
0.0033467
0.00334708
0.00334763
0.00334832
0.00334914
0.00335009
0.00335115
0.00335229
0.00335351
0.00335479
0.0033562
0.00335764
0.00335909
0.00336054
0.00336195
0.00336332
0.00336463
0.00336585
0.00336698
0.00336799
0.00336887
0.00336961
0.00337021
0.00337065
0.00337092
0.00337104
0.00337088
0.00337067
0.0033703
0.00336976
0.00336908
0.00336826
0.0033673
0.00336623
0.00336506
0.00336381
0.00336249
0.00336112
0.00335972
0.0033583
0.0033569
0.00335552
0.00335419
0.00335293
0.00335175
0.00335066
0.00334959
0.00334867
0.00334789
0.00334727
0.00334682
0.00334653
0.00334642
0.00334648
0.0033467
0.00334709
0.00334763
0.00334832
0.00334915
0.00335009
0.00335115
0.0033523
0.00335352
0.00335479
0.0033562
0.00335764
0.00335909
0.00336054
0.00336195
0.00336332
0.00336463
0.00336585
0.00336697
0.00336798
0.00336887
0.00336961
0.00337021
0.00337064
0.00337092
0.00337103
0.00337088
0.00337067
0.00337029
0.00336976
0.00336907
0.00336825
0.0033673
0.00336623
0.00336506
0.0033638
0.00336248
0.00336111
0.00335971
0.0033583
0.00335689
0.00335552
0.00335419
0.00335292
0.00335174
0.00335065
0.00334958
0.00334866
0.00334788
0.00334726
0.00334681
0.00334653
0.00334641
0.00334647
0.00334669
0.00334708
0.00334762
0.00334831
0.00334914
0.00335008
0.00335114
0.00335229
0.00335351
0.00335478
0.00335619
0.00335763
0.00335908
0.00336053
0.00336194
0.00336331
0.00336462
0.00336584
0.00336697
0.00336798
0.00336886
0.0033696
0.0033702
0.00337064
0.00337091
0.00337102
0.00337087
0.00337066
0.00337028
0.00336975
0.00336907
0.00336824
0.00336729
0.00336622
0.00336505
0.0033638
0.00336248
0.0033611
0.0033597
0.00335829
0.00335689
0.00335551
0.00335418
0.00335292
0.00335174
0.00335065
0.00334958
0.00334866
0.00334788
0.00334726
0.00334681
0.00334653
0.00334641
0.00334647
0.00334669
0.00334708
0.00334762
0.00334831
0.00334914
0.00335009
0.00335114
0.00335229
0.00335351
0.00335478
0.00335619
0.00335763
0.00335909
0.00336053
0.00336195
0.00336332
0.00336462
0.00336585
0.00336697
0.00336798
0.00336886
0.00336961
0.0033702
0.00337064
0.00337092
0.00337103
0.00337088
0.00337066
0.00337029
0.00336976
0.00336907
0.00336825
0.0033673
0.00336623
0.00336506
0.0033638
0.00336248
0.00336111
0.00335971
0.0033583
0.00335689
0.00335552
0.00335419
0.00335292
0.00335174
0.00335066
0.00334959
0.00334866
0.00334789
0.00334727
0.00334682
0.00334653
0.00334642
0.00334647
0.0033467
0.00334708
0.00334763
0.00334832
0.00334914
0.00335009
0.00335115
0.00335229
0.00335351
0.00335479
0.0033562
0.00335764
0.00335909
0.00336054
0.00336195
0.00336332
0.00336463
0.00336585
0.00336697
0.00336798
0.00336887
0.00336961
0.00337021
0.00337064
0.00337092
0.00337103
0.00337088
0.00337067
0.00337029
0.00336976
0.00336908
0.00336825
0.0033673
0.00336623
0.00336506
0.0033638
0.00336248
0.00336111
0.00335971
0.0033583
0.00335689
0.00335552
0.00335419
0.00335292
0.00335174
0.00335066
0.00334959
0.00334866
0.00334789
0.00334727
0.00334681
0.00334653
0.00334642
0.00334647
0.0033467
0.00334708
0.00334763
0.00334832
0.00334914
0.00335009
0.00335114
0.00335229
0.00335351
0.00335479
0.0033562
0.00335764
0.00335909
0.00336053
0.00336195
0.00336332
0.00336462
0.00336585
0.00336697
0.00336798
0.00336886
0.00336961
0.0033702
0.00337064
0.00337092
0.00337103
0.00337087
0.00337066
0.00337029
0.00336975
0.00336907
0.00336825
0.00336729
0.00336622
0.00336505
0.0033638
0.00336248
0.00336111
0.00335971
0.00335829
0.00335689
0.00335551
0.00335419
0.00335292
0.00335174
0.00335065
0.00334958
0.00334866
0.00334788
0.00334726
0.00334681
0.00334653
0.00334641
0.00334647
0.00334669
0.00334708
0.00334762
0.00334831
0.00334914
0.00335009
0.00335114
0.00335229
0.00335351
0.00335478
0.00335619
0.00335763
0.00335909
0.00336053
0.00336195
0.00336332
0.00336462
0.00336585
0.00336697
0.00336798
0.00336886
0.00336961
0.0033702
0.00337064
0.00337092
0.00337103
0.00337087
0.00337066
0.00337029
0.00336975
0.00336907
0.00336825
0.00336729
0.00336622
0.00336505
0.0033638
0.00336248
0.00336111
0.00335971
0.0033583
0.00335689
0.00335552
0.00335419
0.00335292
0.00335174
0.00335065
0.00334959
0.00334866
0.00334788
0.00334727
0.00334681
0.00334653
0.00334641
0.00334647
0.00334669
0.00334708
0.00334762
0.00334831
0.00334914
0.00335009
0.00335114
0.00335229
0.00335351
0.00335479
0.0033562
0.00335764
0.00335909
0.00336053
0.00336195
0.00336332
0.00336463
0.00336585
0.00336697
0.00336798
0.00336886
0.00336961
0.0033702
0.00337064
0.00337092
0.00337103
0.00337088
0.00337067
0.00337029
0.00336976
0.00336907
0.00336825
0.0033673
0.00336623
0.00336506
0.0033638
0.00336248
0.00336111
0.00335971
0.0033583
0.00335689
0.00335552
0.00335419
0.00335292
0.00335174
0.00335066
0.00334959
0.00334866
0.00334789
0.00334727
0.00334681
0.00334653
0.00334642
0.00334647
0.0033467
0.00334708
0.00334763
0.00334832
0.00334914
0.00335009
0.00335114
0.00335229
0.00335351
0.00335479
0.0033562
0.00335764
0.00335909
0.00336053
0.00336195
0.00336332
0.00336463
0.00336585
0.00336697
0.00336798
0.00336886
0.00336961
0.0033702
0.00337064
0.00337092
0.00337103
0.00337088
0.00337067
0.00337029
0.00336976
0.00336907
0.00336825
0.0033673
0.00336623
0.00336506
0.0033638
0.00336248
0.00336111
0.00335971
0.0033583
0.00335689
0.00335552
0.00335419
0.00335292
0.00335174
0.00335065
0.00334959
0.00334866
0.00334788
0.00334727
0.00334681
0.00334653
0.00334641
0.00334647
0.00334669
0.00334708
0.00334762
0.00334831
0.00334914
0.00335009
0.00335114
0.00335229
0.00335351
0.00335478
0.00335619
0.00335764
0.00335909
0.00336053
0.00336195
0.00336332
0.00336462
0.00336585
0.00336697
0.00336798
0.00336886
0.00336961
0.0033702
0.00337064
0.00337092
0.00337103
0.00337087
0.00337066
0.00337029
0.00336976
0.00336907
0.00336825
0.00336729
0.00336622
0.00336506
0.0033638
0.00336248
0.00336111
0.00335971
0.0033583
0.00335689
0.00335552
0.00335419
0.00335292
0.00335174
0.00335065
0.00334959
0.00334866
0.00334788
0.00334727
0.00334681
0.00334653
0.00334641
0.00334647
0.00334669
0.00334708
0.00334762
0.00334831
0.00334914
0.00335009
0.00335114
0.00335229
0.00335351
0.00335478
0.00335619
0.00335764
0.00335909
0.00336053
0.00336195
0.00336332
0.00336462
0.00336585
0.00336697
0.00336798
0.00336886
0.00336961
0.0033702
0.00337064
0.00337092
0.00337103
0.00337088
0.00337066
0.00337029
0.00336976
0.00336907
0.00336825
0.0033673
0.00336623
0.00336506
0.0033638
0.00336248
0.00336111
0.00335971
0.0033583
0.00335689
0.00335552
0.00335419
0.00335292
0.00335174
0.00335065
0.00334959
0.00334866
0.00334788
0.00334727
0.00334681
0.00334653
0.00334642
0.00334647
0.0033467
0.00334708
0.00334763
0.00334831
0.00334914
0.00335009
0.00335114
0.00335229
0.00335351
0.00335479
0.0033562
0.00335764
0.00335909
0.00336053
0.00336195
0.00336332
0.00336463
0.00336585
0.00336697
0.00336798
0.00336886
0.00336961
0.0033702
0.00337064
0.00337092
0.00337103
0.00337088
0.00337067
0.00337029
0.00336976
0.00336907
0.00336825
0.0033673
0.00336623
0.00336506
0.0033638
0.00336248
0.00336111
0.00335971
0.0033583
0.00335689
0.00335552
0.00335419
0.00335292
0.00335174
0.00335065
0.00334959
0.00334866
0.00334788
0.00334727
0.00334681
0.00334653
0.00334642
0.00334647
0.0033467
0.00334708
0.00334763
0.00334831
0.00334914
0.00335009
0.00335114
0.00335229
0.00335351
0.00335478
0.0033562
0.00335764
0.00335909
0.00336053
0.00336195
0.00336332
0.00336462
0.00336585
0.00336697
0.00336798
0.00336886
0.00336961
0.0033702
0.00337064
0.00337092
0.00337103
0.00337088
0.00337066
0.00337029
0.00336976
0.00336907
0.00336825
0.00336729
0.00336623
0.00336506
0.0033638
0.00336248
0.00336111
0.00335971
0.0033583
0.00335689
0.00335552
0.00335419
0.00335292
0.00335174
0.00335065
0.00334959
0.00334866
0.00334788
0.00334727
0.00334681
0.00334653
0.00334641
0.00334647
0.00334669
0.00334708
0.00334762
0.00334831
0.00334914
0.00335009
0.00335114
0.00335229
0.00335351
0.00335478
0.00335619
0.00335764
0.00335909
0.00336053
0.00336195
0.00336332
0.00336462
0.00336585
0.00336697
0.00336798
0.00336886
0.00336961
0.0033702
0.00337064
0.00337092
0.00337103
0.00337088
0.00337066
0.00337029
0.00336976
0.00336907
0.00336825
0.00336729
0.00336623
0.00336506
0.0033638
0.00336248
0.00336111
0.00335971
0.0033583
0.00335689
0.00335552
0.00335419
0.00335292
0.00335174
0.00335065
0.00334959
0.00334866
0.00334788
0.00334727
0.00334681
0.00334653
0.00334641
0.00334647
0.00334669
0.00334708
0.00334762
0.00334831
0.00334914
0.00335009
0.00335114
0.00335229
0.00335351
0.00335478
0.00335619
0.00335764
0.00335909
0.00336053
0.00336195
0.00336332
0.00336462
0.00336585
0.00336697
0.00336798
0.00336886
0.00336961
0.0033702
0.00337064
0.00337092
0.00337103
0.00337088
0.00337066
0.00337029
0.00336976
0.00336907
0.00336825
0.0033673
0.00336623
0.00336506
0.0033638
0.00336248
0.00336111
0.00335971
0.0033583
0.00335689
0.00335552
0.00335419
0.00335292
0.00335174
0.00335065
0.00334959
0.00334866
0.00334788
0.00334727
0.00334681
0.00334653
0.00334641
0.00334647
0.0033467
0.00334708
0.00334762
0.00334831
0.00334914
0.00335009
0.00335114
0.00335229
0.00335351
0.00335479
0.0033562
0.00335764
0.00335909
0.00336053
0.00336195
0.00336332
0.00336462
0.00336585
0.00336697
0.00336798
0.00336886
0.00336961
0.0033702
0.00337064
0.00337092
0.00337103
0.00337088
0.00337066
0.00337029
0.00336976
0.00336907
0.00336825
0.0033673
0.00336623
0.00336506
0.0033638
0.00336248
0.00336111
0.00335971
0.0033583
0.00335689
0.00335552
0.00335419
0.00335292
0.00335174
0.00335065
0.00334959
0.00334866
0.00334788
0.00334727
0.00334681
0.00334653
0.00334641
0.00334647
0.00334669
0.00334708
0.00334762
0.00334831
0.00334914
0.00335009
0.00335114
0.00335229
0.00335351
0.00335478
0.00335619
0.00335764
0.00335909
0.00336053
0.00336195
0.00336332
0.00336462
0.00336585
0.00336697
0.00336798
0.00336886
