0.000678829
0.000753849
0.000836772
0.000928341
0.00102935
0.00114062
0.00126305
0.00139755
0.00154506
0.00170653
0.00188292
0.00207517
0.00228417
0.00251073
0.00275556
0.0030192
0.003302
0.00360406
0.00392513
0.00426462
0.00462146
0.00499409
0.00538039
0.0057776
0.00618241
0.0065907
0.00699781
0.00739852
0.00778699
0.00815709
0.00850244
0.00881667
0.00909362
0.00932759
0.00951358
0.0096475
0.0097264
0.00974857
0.00971365
0.00962263
0.00947784
0.00928275
0.00904188
0.00876056
0.00844467
0.00810043
0.00773416
0.00735205
0.00696002
0.00656351
0.00616747
0.00577618
0.00539334
0.00502197
0.00466448
0.00432271
0.00399796
0.00369107
0.00340249
0.00313231
0.00288034
0.00264618
0.00242925
0.00222883
0.00204413
0.00187428
0.00171837
0.00157551
0.00144479
0.00132533
0.00121627
0.0011168
0.00102613
0.000943545
0.000868351
0.00079991
0.000737631
0.000680965
0.000629407
0.000582494
0.000539802
0.000500941
0.000465558
0.00043333
0.000403964
0.000377193
0.000352775
0.000330491
0.000310143
0.000291551
0.000274552
0.000259
0.000244726
0.000231655
0.000219678
0.000208694
0.000198567
0.000189269
0.000180726
0.000172871
0.000165549
0.00015881
0.000152604
0.000146887
0.000141617
0.000136758
0.000132277
0.000128143
0.000124329
0.00012081
0.000117564
0.000114571
0.000111771
0.000109233
0.000106895
0.000104744
0.000102766
0.00010095
9.92842e-05
9.776e-05
9.63679e-05
9.50997e-05
9.39476e-05
9.29046e-05
9.19642e-05
9.11205e-05
9.03678e-05
8.9701e-05
8.91154e-05
8.86065e-05
8.81702e-05
8.78027e-05
8.75003e-05
8.72599e-05
8.70782e-05
8.69524e-05
8.68797e-05
8.68575e-05
8.68836e-05
8.69555e-05
8.70713e-05
8.72289e-05
8.74264e-05
8.76621e-05
8.79342e-05
8.82413e-05
8.85817e-05
8.89541e-05
8.93572e-05
8.97896e-05
9.02501e-05
9.07376e-05
9.1251e-05
9.17892e-05
9.23512e-05
9.28936e-05
9.35053e-05
9.41376e-05
9.47895e-05
9.54606e-05
9.61499e-05
9.68568e-05
9.75807e-05
9.83209e-05
9.90767e-05
9.98476e-05
0.000100633
0.000101432
0.000102245
0.00010307
0.000103908
0.000104757
0.000105618
0.00010649
0.000107372
0.000108263
0.000109165
0.000110075
0.000110993
0.00011192
0.000112855
0.000113797
0.000114746
0.000115701
0.000116776
0.000117859
0.00011895
0.000120049
0.000121156
0.000122271
0.000123394
0.000124525
0.000125665
0.000126813
0.000127969
0.000129134
0.000130308
0.00013149
0.000132682
0.000133883
0.000135093
0.000136314
0.000137544
0.000138785
0.000140037
0.000141301
0.000142576
0.000143863
0.000145163
0.000146477
0.000147805
0.000149147
0.000150505
0.000151879
0.00015327
0.000154678
0.000156106
0.000157554
0.000159023
0.000160514
0.000162029
0.000163569
0.000165134
0.000166728
0.000168351
0.000170005
0.000171692
0.000173414
0.000175173
0.000176972
0.000178811
0.000180695
0.000182625
0.000184604
0.000186635
0.000188721
0.000190866
0.000193072
0.000195344
0.000197684
0.000200098
0.000202589
0.000205162
0.000207821
0.000210571
0.000213417
0.000216365
0.00021942
0.000222589
0.000225877
0.000229291
0.000232838
0.000236525
0.000240359
0.000244349
0.000248502
0.000252828
0.000257334
0.000262031
0.000266929
0.000272036
0.000277365
0.000282926
0.00028873
0.000294789
0.000301116
0.000307724
0.000314752
0.000322101
0.000329787
0.000337826
0.000346235
0.00035503
0.000364231
0.000373855
0.000383922
0.000394452
0.000405465
0.000416982
0.000429024
0.000441615
0.000454776
0.000468531
0.000482904
0.000497919
0.000513601
0.000529974
0.000547064
0.000564896
0.000583497
0.000602891
0.000623106
0.000644165
0.000666095
0.000688921
0.000712667
0.000737358
0.000763015
0.000789661
0.000817316
0.000846001
0.000875732
0.000906526
0.000938396
0.000971353
0.00100541
0.00104056
0.00107682
0.00111418
0.00115264
0.00119218
0.0012328
0.00127448
0.00131719
0.0013609
0.00140558
0.00145119
0.00149768
0.001545
0.00159316
0.00164203
0.00169155
0.00174164
0.00179222
0.00184318
0.00189445
0.00194591
0.00199745
0.00204897
0.00210035
0.00215141
0.00220208
0.00225224
0.00230175
0.00235047
0.00239828
0.00244504
0.00249062
0.00253488
0.00257771
0.00261898
0.00265856
0.00269636
0.00273226
0.00276616
0.00279798
0.00282763
0.00285505
0.00288017
0.00290294
0.00292332
0.00294128
0.00295679
0.00296985
0.00298046
0.00298858
0.00299433
0.00299768
0.00299866
0.00299734
0.00299374
0.00298794
0.00298
0.00296998
0.00295797
0.00294403
0.00292824
0.0029107
0.00289155
0.00287084
0.00284863
0.00282503
0.00280013
0.00277402
0.00274678
0.00271851
0.00268931
0.00265924
0.00262842
0.00259691
0.00256481
0.00253219
0.00249915
0.00246575
0.00243208
0.00239822
0.00236423
0.00233018
0.00229615
0.0022622
0.0022284
0.0021948
0.00216147
0.00212845
0.0020958
0.00206358
0.00203182
0.00200056
0.00196986
0.00193974
0.00191024
0.00188139
0.00185322
0.00182574
0.00179899
0.00177297
0.0017477
0.00172316
0.0016994
0.00167643
0.00165426
0.00163287
0.00161227
0.00159246
0.00157343
0.00155517
0.00153768
0.00152095
0.00150496
0.00148971
0.00147517
0.00146135
0.00144821
0.00143575
0.00142396
0.00141281
0.00140236
0.0013925
0.0013833
0.00137469
0.00136667
0.00135922
0.00135233
0.00134599
0.00134018
0.0013349
0.00133014
0.00132588
0.00132212
0.00131886
0.00131608
0.00131378
0.00131196
0.00131061
0.00130972
0.0013093
0.00130934
0.00130984
0.0013108
0.00131221
0.00131408
0.00131637
0.00131912
0.00132233
0.001326
0.00133013
0.00133472
0.00133976
0.00134525
0.0013512
0.00135759
0.00136442
0.0013717
0.00137941
0.00138755
0.00139611
0.00140508
0.00141446
0.00142424
0.0014344
0.00144493
0.00145583
0.00146707
0.00147865
0.00149054
0.00150273
0.00151516
0.0015279
0.00154088
0.00155409
0.00156749
0.00158113
0.00159495
0.00160891
0.001623
0.00163718
0.00165145
0.00166577
0.00168013
0.00169451
0.00170888
0.00172322
0.00173751
0.00175174
0.00176589
0.00177993
0.00179386
0.00180766
0.0018213
0.00183479
0.00184811
0.00186124
0.00187418
0.00188692
0.00189946
0.00191178
0.00192387
0.00193575
0.00194739
0.00195876
0.0019699
0.00198081
0.00199149
0.00200192
0.00201212
0.00202207
0.00203178
0.00204123
0.00205043
0.00205936
0.00206803
0.00207643
0.00208455
0.00209238
0.00209991
0.00210713
0.00211403
0.0021206
0.00212683
0.0021327
0.0021382
0.00214331
0.00214802
0.00215234
0.00215629
0.0021598
0.00216286
0.00216546
0.00216759
0.00216923
0.00217038
0.00217102
0.00217116
0.00217078
0.00216988
0.00216845
0.00216651
0.00216406
0.00216109
0.00215761
0.00215364
0.00214919
0.00214427
0.00213889
0.00213308
0.00212686
0.00212024
0.00211325
0.00210591
0.00209826
0.00209031
0.00208209
0.00207364
0.00206498
0.00205613
0.00204713
0.002038
0.00202877
0.00201947
0.00201008
0.00200067
0.00199127
0.0019819
0.00197256
0.00196329
0.00195409
0.00194499
0.00193599
0.0019271
0.00191833
0.0019097
0.0019012
0.00189283
0.00188462
0.00187654
0.00186862
0.00186083
0.00185326
0.00184584
0.00183857
0.0018314
0.00182443
0.0018176
0.0018109
0.00180434
0.00179791
0.00179161
0.00178544
0.0017794
0.00177349
0.00176771
0.00176205
0.00175652
0.00175113
0.00174587
0.00174075
0.00173577
0.00173094
0.00172627
0.00172175
0.00171741
0.00171324
0.00170925
0.00170546
0.00170186
0.00169847
0.0016953
0.00169235
0.00168962
0.0016871
0.00168483
0.00168281
0.00168105
0.00167956
0.00167833
0.00167737
0.00167667
0.00167625
0.0016761
0.0016762
0.00167657
0.0016772
0.00167808
0.0016792
0.00168056
0.00168214
0.00168395
0.00168596
0.00168817
0.00169056
0.00169312
0.00169585
0.00169874
0.00170182
0.00170503
0.00170836
0.00171179
0.00171531
0.0017189
0.00172256
0.00172628
0.00173004
0.00173384
0.00173766
0.0017415
0.00174535
0.00174921
0.00175306
0.00175691
0.00176076
0.00176459
0.00176842
0.00177223
0.00177604
0.00177983
0.00178363
0.00178742
0.00179121
0.00179501
0.00179883
0.00180265
0.0018065
0.00181033
0.0018142
0.00181812
0.00182207
0.00182607
0.00183013
0.00183423
0.00183838
0.00184258
0.00184683
0.00185113
0.00185547
0.00185985
0.00186426
0.00186869
0.00187314
0.00187759
0.00188204
0.00188647
0.00189088
0.00189524
0.00189954
0.00190377
0.00190798
0.00191207
0.00191609
0.00191998
0.00192374
0.00192734
0.00193078
0.00193404
0.00193711
0.00193998
0.00194263
0.00194506
0.00194726
0.00194922
0.00195095
0.00195242
0.00195365
0.00195464
0.00195538
0.00195587
0.00195613
0.00195615
0.00195595
0.00195554
0.00195492
0.0019541
0.0019531
0.00195194
0.00195061
0.00194915
0.00194755
0.00194585
0.00194404
0.00194212
0.00194012
0.00193808
0.00193601
0.0019339
0.00193178
0.00192965
0.00192753
0.00192541
0.00192331
0.00192123
0.00191918
0.00191714
0.00191514
0.00191316
0.00191121
0.00190928
0.00190736
0.00190547
0.00190358
0.00190169
0.00189986
0.00189804
0.00189617
0.00189433
0.00189247
0.00189058
0.00188866
0.00188669
0.00188468
0.00188262
0.00188051
0.00187834
0.00187611
0.00187382
0.00187147
0.00186906
0.00186659
0.00186407
0.0018615
0.00185888
0.00185623
0.00185355
0.00185084
0.00184812
0.0018454
0.00184268
0.00183998
0.00183731
0.00183467
0.00183209
0.00182957
0.00182712
0.00182471
0.0018224
0.0018202
0.00181812
0.00181616
0.00181433
0.00181263
0.00181108
0.00180966
0.00180839
0.00180726
0.00180628
0.00180543
0.00180473
0.00180416
0.00180372
0.0018034
0.00180319
0.00180309
0.00180309
0.00180317
0.00180334
0.00180363
0.00180395
0.00180437
0.00180484
0.00180533
0.00180585
0.00180639
0.00180692
0.00180745
0.00180797
0.00180847
0.00180894
0.00180938
0.00180978
0.00181015
0.00181047
0.00181075
0.00181099
0.00181119
0.00181135
0.00181147
0.00181157
0.00181164
0.00181169
0.00181173
0.00181177
0.00181181
0.00181187
0.00181194
0.00181205
0.0018122
0.0018124
0.00181262
0.00181291
0.00181327
0.00181373
0.00181428
0.00181492
0.00181566
0.00181651
0.00181746
0.00181851
0.00181967
0.00182093
0.00182229
0.00182374
0.00182529
0.00182692
0.00182862
0.00183039
0.00183222
0.00183409
0.001836
0.00183793
0.00183994
0.00184193
0.00184395
0.00184597
0.00184795
0.0018499
0.0018518
0.00185363
0.0018554
0.0018571
0.0018587
0.00186021
0.00186162
0.00186293
0.00186413
0.00186522
0.00186619
0.00186705
0.0018678
0.00186844
0.00186897
0.0018694
0.00186974
0.00186999
0.00187016
0.00187025
0.00187028
0.00187026
0.00187019
0.00187009
0.00186997
0.00186983
0.00186964
0.00186947
0.00186933
0.00186921
0.00186912
0.00186908
0.00186909
0.00186915
0.00186926
0.00186942
0.00186965
0.00186993
0.00187027
0.00187065
0.00187109
0.00187157
0.00187209
0.00187263
0.0018732
0.00187378
0.00187436
0.00187493
0.00187556
0.00187613
0.00187671
0.00187725
0.00187774
0.00187818
0.00187854
0.00187883
0.00187903
0.00187913
0.00187914
0.00187905
0.00187884
0.00187853
0.0018781
0.00187756
0.0018769
0.00187613
0.00187526
0.00187428
0.0018732
0.00187203
0.00187078
0.00186945
0.00186806
0.00186661
0.00186512
0.0018636
0.00186205
0.00186049
0.00185894
0.00185739
0.00185583
0.00185431
0.00185285
0.00185144
0.0018501
0.00184883
0.00184764
0.00184654
0.00184552
0.0018446
0.00184377
0.00184303
0.00184239
0.00184183
0.00184136
0.00184097
0.00184065
0.0018404
0.00184022
0.00184008
0.00183999
0.00183993
0.00183996
0.00183998
0.00184005
0.00184013
0.0018402
0.00184025
0.00184027
0.00184026
0.00184021
0.00184012
0.00183996
0.00183975
0.00183947
0.00183912
0.00183871
0.00183822
0.00183766
0.00183704
0.00183635
0.0018356
0.00183479
0.00183393
0.00183303
0.00183209
0.00183112
0.00183013
0.00182914
0.00182815
0.00182717
0.00182621
0.00182528
0.00182439
0.00182352
0.00182272
0.001822
0.00182654
0.00182831
0.00183009
0.0018319
0.00183373
0.00183559
0.00183748
0.00183939
0.00184134
0.0018433
0.00184529
0.00184729
0.0018493
0.00185132
0.00185332
0.00185531
0.00185727
0.00185919
0.00186106
0.00186295
0.00186477
0.00186653
0.00186821
0.0018698
0.00187129
0.00187267
0.0018739
0.00187505
0.00187608
0.00187698
0.00187774
0.00187837
0.00187886
0.00187921
0.00187942
0.0018795
0.00187946
0.00187929
0.001879
0.0018786
0.00187811
0.00187752
0.00187685
0.00187611
0.00187531
0.00187446
0.00187358
0.00187268
0.00187176
0.00187085
0.00186995
0.00186907
0.00186822
0.00186741
0.00186665
0.00186591
0.00186524
0.00186464
0.00186412
0.00186368
0.00186332
0.00186304
0.00186283
0.0018627
0.00186264
0.00186265
0.00186271
0.00186283
0.00186299
0.00186317
0.00186339
0.00186361
0.00186384
0.00186412
0.0018644
0.00186465
0.00186488
0.00186507
0.0018652
0.00186529
0.00186531
0.00186525
0.00186513
0.00186492
0.00186462
0.00186424
0.00186378
0.00186322
0.00186254
0.00186181
0.00186101
0.00186013
0.00185919
0.00185818
0.00185711
0.001856
0.00185486
0.00185369
0.0018525
0.00185131
0.00185013
0.00184897
0.00184783
0.00184674
0.0018457
0.00184471
0.0018438
0.00184296
0.00184221
0.00184151
0.00184091
0.00184042
0.00184004
0.00183978
0.00183962
0.00183957
0.00183963
0.00183979
0.00184005
0.00184041
0.00184084
0.00184135
0.00184194
0.00184257
0.00184326
0.00184398
0.00184472
0.00184554
0.00184638
0.00184721
0.00184803
0.00184884
0.00184961
0.00185035
0.00185103
0.00185166
0.00185223
0.00185272
0.00185315
0.0018535
0.00185377
0.00185396
0.00185407
0.00185407
0.00185403
0.00185392
0.00185375
0.00185352
0.00185323
0.0018529
0.00185253
0.00185213
0.00185171
0.00185129
0.00185086
0.00185046
0.00185007
0.00184971
0.0018494
0.00184914
0.00184894
0.00184881
0.00184875
0.00184874
0.00184881
0.00184898
0.00184925
0.00184961
0.00185007
0.00185063
0.00185128
0.00185202
0.00185284
0.00185374
0.00185471
0.00185573
0.00185681
0.00185793
0.00185908
0.00186024
0.00186141
0.00186264
0.00186386
0.00186507
0.00186624
0.00186737
0.00186845
0.00186947
0.00187042
0.00187129
0.00187208
0.00187278
0.00187338
0.00187388
0.00187428
0.00187458
0.00187478
0.00187483
0.00187483
0.00187474
0.00187456
0.0018743
0.00187396
0.00187355
0.00187308
0.00187257
0.00187201
0.00187143
0.00187083
0.00187022
0.00186962
0.00186902
0.00186846
0.00186793
0.00186744
0.001867
0.00186662
0.00186626
0.00186598
0.00186578
0.00186567
0.00186564
0.00186569
0.00186583
0.00186604
0.00186634
0.00186671
0.00186714
0.00186763
0.00186817
0.00186876
0.00186937
0.00187001
0.00187065
0.00187129
0.00187199
0.00187268
0.00187334
0.00187397
0.00187455
0.00187507
0.00187553
0.00187592
0.00187623
0.00187646
0.00187659
0.00187663
0.00187657
0.00187642
0.00187616
0.0018758
0.00187531
0.00187477
0.00187413
0.00187342
0.00187263
0.00187177
0.00187085
0.00186988
0.00186887
0.00186783
0.00186677
0.0018657
0.00186464
0.00186359
0.00186256
0.00186157
0.00186063
0.00185974
0.00185891
0.00185816
0.00185744
0.00185681
0.00185627
0.00185584
0.00185549
0.00185525
0.0018551
0.00185505
0.00185509
0.00185521
0.00185542
0.00185569
0.00185603
0.00185643
0.00185687
0.00185735
0.00185785
0.00185836
0.00185895
0.00185953
0.00186011
0.00186066
0.00186119
0.00186167
0.00186211
0.00186249
0.0018628
0.00186305
0.00186322
0.0018633
0.00186331
0.00186323
0.00186306
0.00186281
0.00186244
0.00186203
0.00186155
0.00186099
0.00186037
0.0018597
0.00185898
0.00185821
0.00185742
0.00185661
0.0018558
0.00185498
0.00185417
0.00185339
0.00185265
0.00185195
0.0018513
0.00185071
0.00185019
0.00184976
0.00184936
0.00184906
0.00184886
0.00184875
0.00184876
0.00184886
0.00184907
0.00184937
0.00184976
0.00185025
0.00185082
0.00185146
0.00185216
0.00185293
0.00185374
0.00185459
0.00185546
0.00185635
0.0018573
0.00185826
0.0018592
0.00186012
0.00186101
0.00186186
0.00186266
0.00186339
0.00186406
0.00186465
0.00186517
0.0018656
0.00186594
0.00186619
0.00186634
0.00186641
0.00186635
0.00186624
0.00186605
0.00186579
0.00186545
0.00186505
0.00186459
0.00186408
0.00186354
0.00186297
0.00186238
0.00186178
0.00186119
0.00186061
0.00186005
0.00185953
0.00185905
0.00185863
0.00185826
0.00185796
0.0018577
0.00185752
0.00185743
0.00185743
0.00185753
0.00185771
0.00185799
0.00185836
0.00185881
0.00185934
0.00185994
0.00186061
0.00186133
0.00186211
0.00186291
0.00186375
0.0018646
0.00186546
0.00186637
0.00186728
0.00186816
0.00186902
0.00186983
0.0018706
0.0018713
0.00187193
0.00187249
0.00187297
0.00187335
0.00187365
0.00187384
0.00187394
0.00187394
0.00187385
0.00187361
0.00187333
0.00187295
0.0018725
0.00187196
0.00187136
0.00187069
0.00186997
0.00186921
0.00186842
0.0018676
0.00186677
0.00186595
0.00186513
0.00186434
0.00186358
0.00186286
0.00186219
0.00186157
0.00186103
0.00186052
0.00186009
0.00185975
0.0018595
0.00185934
0.00185928
0.00185931
0.00185943
0.00185963
0.00185991
0.00186027
0.00186069
0.00186117
0.0018617
0.00186227
0.00186287
0.00186349
0.00186411
0.0018648
0.00186548
0.00186614
0.00186678
0.00186738
0.00186793
0.00186843
0.00186887
0.00186923
0.00186951
0.00186971
0.00186983
0.00186985
0.00186978
0.00186962
0.00186936
0.00186898
0.00186855
0.00186804
0.00186746
0.0018668
0.00186608
0.00186531
0.00186449
0.00186363
0.00186275
0.00186186
0.00186096
0.00186007
0.00185919
0.00185835
0.00185754
0.00185678
0.00185608
0.00185545
0.00185489
0.00185436
0.00185393
0.00185359
0.00185336
0.00185322
0.00185318
0.00185323
0.00185338
0.00185363
0.00185395
0.00185436
0.00185484
0.00185539
0.00185599
0.00185663
0.00185731
0.00185801
0.00185872
0.0018595
0.00186028
0.00186105
0.0018618
0.00186251
0.00186318
0.0018638
0.00186436
0.00186486
0.00186527
0.00186561
0.00186587
0.00186604
0.00186611
0.0018661
0.001866
0.00186577
0.0018655
0.00186515
0.00186473
0.00186424
0.00186368
0.00186307
0.00186242
0.00186173
0.00186102
0.00186029
0.00185956
0.00185884
0.00185813
0.00185746
0.00185682
0.00185623
0.00185569
0.00185522
0.00185482
0.00185446
0.00185419
0.00185401
0.00185393
0.00185395
0.00185406
0.00185427
0.00185457
0.00185496
0.00185543
0.00185598
0.0018566
0.00185728
0.00185801
0.00185879
0.00185959
0.00186042
0.00186125
0.00186215
0.00186305
0.00186392
0.00186478
0.00186559
0.00186636
0.00186708
0.00186773
0.00186831
0.0018688
0.00186922
0.00186955
0.00186978
0.00186992
0.00186997
0.00186992
0.00186974
0.00186952
0.00186921
0.00186882
0.00186835
0.00186782
0.00186723
0.00186659
0.00186591
0.00186521
0.00186448
0.00186374
0.00186301
0.00186229
0.0018616
0.00186093
0.00186032
0.00185975
0.00185925
0.00185881
0.00185841
0.00185809
0.00185786
0.00185772
0.00185768
0.00185773
0.00185788
0.00185811
0.00185843
0.00185883
0.0018593
0.00185984
0.00186044
0.00186109
0.00186178
0.00186249
0.00186323
0.00186397
0.00186477
0.00186557
0.00186634
0.0018671
0.00186781
0.00186847
0.00186908
0.00186962
0.00187009
0.00187048
0.00187078
0.00187099
0.00187112
0.00187114
0.00187108
0.00187091
0.00187062
0.00187028
0.00186985
0.00186935
0.00186877
0.00186812
0.00186742
0.00186667
0.00186588
0.00186506
0.00186423
0.00186339
0.00186255
0.00186172
0.00186093
0.00186016
0.00185945
0.00185878
0.00185818
0.00185765
0.00185716
0.00185675
0.00185643
0.00185621
0.00185609
0.00185606
0.00185613
0.00185628
0.00185653
0.00185686
0.00185726
0.00185774
0.00185827
0.00185886
0.00185949
0.00186015
0.00186083
0.00186152
0.00186228
0.00186303
0.00186377
0.00186448
0.00186516
0.00186579
0.00186637
0.00186689
0.00186734
0.0018677
0.00186799
0.00186819
0.00186831
0.00186833
0.00186826
0.0018681
0.0018678
0.00186747
0.00186706
0.00186656
0.001866
0.00186538
0.0018647
0.00186397
0.00186321
0.00186242
0.00186162
0.00186081
0.00186001
0.00185923
0.00185847
0.00185775
0.00185708
0.00185647
0.00185592
0.00185545
0.001855
0.00185465
0.0018544
0.00185424
0.00185418
0.00185421
0.00185434
0.00185456
0.00185488
0.00185527
0.00185575
0.00185629
0.0018569
0.00185756
0.00185827
0.001859
0.00185976
0.00186052
0.00186136
0.00186219
0.001863
0.00186379
0.00186454
0.00186525
0.00186591
0.0018665
0.00186703
0.00186747
0.00186784
0.00186812
0.00186831
0.0018684
0.00186841
0.00186832
0.0018681
0.00186784
0.00186749
0.00186707
0.00186657
0.00186602
0.0018654
0.00186474
0.00186404
0.00186331
0.00186257
0.00186182
0.00186108
0.00186035
0.00185965
0.00185898
0.00185836
0.0018578
0.00185729
0.00185686
0.00185646
0.00185615
0.00185593
0.00185581
0.00185578
0.00185585
0.00185601
0.00185626
0.0018566
0.00185702
0.00185752
0.00185809
0.00185871
0.00185939
0.00186011
0.00186086
0.00186162
0.0018624
0.00186324
0.00186407
0.00186489
0.00186568
0.00186643
0.00186714
0.00186779
0.00186838
0.00186889
0.00186933
0.00186968
0.00186994
0.00187011
0.00187019
0.00187017
0.00187006
0.00186982
0.00186953
0.00186916
0.00186871
0.00186818
0.00186759
0.00186694
0.00186624
0.00186551
0.00186474
0.00186396
0.00186317
0.00186239
0.00186162
0.00186087
0.00186016
0.00185949
0.00185888
0.00185833
0.00185785
0.0018574
0.00185704
0.00185678
0.0018566
0.00185653
0.00185654
0.00185665
0.00185685
0.00185714
0.00185751
0.00185796
0.00185847
0.00185905
0.00185967
0.00186034
0.00186103
0.00186175
0.00186247
0.00186326
0.00186404
0.00186481
0.00186555
0.00186626
0.00186692
0.00186752
0.00186806
0.00186852
0.00186891
0.00186922
0.00186944
0.00186957
0.0018696
0.00186954
0.00186939
0.00186911
0.00186878
0.00186837
0.00186788
0.00186732
0.0018667
0.00186602
0.00186529
0.00186453
0.00186374
0.00186293
0.00186211
0.0018613
0.00186051
0.00185974
0.00185901
0.00185833
0.0018577
0.00185714
0.00185664
0.00185618
0.00185581
0.00185553
0.00185535
0.00185527
0.00185528
0.00185538
0.00185558
0.00185587
0.00185624
0.00185669
0.0018572
0.00185778
0.00185841
0.00185908
0.00185979
0.00186051
0.00186125
0.00186204
0.00186284
0.00186362
0.00186438
0.0018651
0.00186577
0.00186639
0.00186695
0.00186744
0.00186785
0.00186818
0.00186842
0.00186857
0.00186863
0.0018686
0.00186847
0.00186822
0.00186792
0.00186754
0.00186708
0.00186655
0.00186596
0.00186531
0.00186461
0.00186388
0.00186312
0.00186235
0.00186157
0.00186079
0.00186003
0.0018593
0.0018586
0.00185795
0.00185736
0.00185683
0.00185637
0.00185595
0.00185561
0.00185537
0.00185522
0.00185517
0.00185522
0.00185536
0.00185559
0.00185591
0.00185631
0.00185679
0.00185734
0.00185795
0.00185861
0.00185932
0.00186005
0.00186081
0.00186157
0.0018624
0.00186322
0.00186403
0.00186481
0.00186556
0.00186626
0.00186691
0.00186749
0.001868
0.00186844
0.00186879
0.00186905
0.00186922
0.0018693
0.00186929
0.00186918
0.00186894
0.00186866
0.0018683
0.00186785
0.00186734
0.00186675
0.00186612
0.00186543
0.00186471
0.00186396
0.00186319
0.00186241
0.00186164
0.00186089
0.00186016
0.00185946
0.00185882
0.00185822
0.00185769
0.00185723
0.0018568
0.00185646
0.00185622
0.00185607
0.00185601
0.00185605
0.00185618
0.0018564
0.00185671
0.00185711
0.00185758
0.00185811
0.00185871
0.00185936
0.00186005
0.00186077
0.00186151
0.00186226
0.00186307
0.00186388
0.00186467
0.00186544
0.00186617
0.00186685
0.00186748
0.00186804
0.00186853
0.00186894
0.00186927
0.00186951
0.00186967
0.00186972
0.00186969
0.00186956
0.00186929
0.00186899
0.0018686
0.00186813
0.0018676
0.00186699
0.00186633
0.00186562
0.00186487
0.0018641
0.00186331
0.00186251
0.00186171
0.00186094
0.00186018
0.00185947
0.0018588
0.00185818
0.00185763
0.00185714
0.00185669
0.00185633
0.00185607
0.00185589
0.00185582
0.00185584
0.00185595
0.00185615
0.00185644
0.00185682
0.00185727
0.00185779
0.00185837
0.001859
0.00185968
0.00186038
0.00186111
0.00186184
0.00186264
0.00186344
0.00186421
0.00186497
0.00186568
0.00186636
0.00186697
0.00186752
0.00186801
0.00186841
0.00186873
0.00186897
0.00186911
0.00186916
0.00186912
0.00186899
0.00186872
0.00186841
0.00186802
0.00186755
0.00186701
0.00186641
0.00186575
0.00186504
0.00186429
0.00186352
0.00186273
0.00186193
0.00186114
0.00186037
0.00185962
0.00185891
0.00185825
0.00185764
0.00185709
0.00185662
0.00185618
0.00185583
0.00185557
0.0018554
0.00185534
0.00185537
0.00185549
0.0018557
0.00185601
0.00185639
0.00185686
0.00185739
0.00185798
0.00185863
0.00185932
0.00186004
0.00186078
0.00186153
0.00186234
0.00186315
0.00186394
0.00186471
0.00186544
0.00186613
0.00186676
0.00186733
0.00186783
0.00186825
0.00186858
0.00186883
0.00186899
0.00186906
0.00186904
0.00186892
0.00186867
0.00186838
0.001868
0.00186755
0.00186702
0.00186643
0.00186579
0.00186509
0.00186436
0.0018636
0.00186283
0.00186205
0.00186127
0.00186051
0.00185978
0.00185908
0.00185843
0.00185783
0.0018573
0.00185683
0.0018564
0.00185606
0.00185582
0.00185566
0.00185561
0.00185564
0.00185578
0.001856
0.00185631
0.00185671
0.00185718
0.00185772
0.00185832
0.00185897
0.00185967
0.00186039
0.00186114
0.00186189
0.00186271
0.00186352
0.00186432
0.00186509
0.00186582
0.00186651
0.00186715
0.00186772
0.00186822
0.00186864
0.00186898
0.00186923
0.00186939
0.00186945
0.00186943
0.00186931
0.00186905
0.00186876
0.00186838
0.00186792
0.00186739
0.0018668
0.00186615
0.00186545
0.00186471
0.00186395
0.00186317
0.00186238
0.0018616
0.00186083
0.00186009
0.00185938
0.00185872
0.00185812
0.00185758
0.00185711
0.00185667
0.00185632
0.00185606
0.0018559
0.00185583
0.00185586
0.00185598
0.0018562
0.0018565
0.00185689
0.00185735
0.00185788
0.00185847
0.00185911
0.00185979
0.00186051
0.00186124
0.00186198
0.00186279
0.00186359
0.00186438
0.00186514
0.00186586
0.00186654
0.00186717
0.00186773
0.00186821
0.00186863
0.00186895
0.00186919
0.00186934
0.0018694
0.00186936
0.00186923
0.00186897
0.00186867
0.00186828
0.00186781
0.00186727
0.00186667
0.00186601
0.00186531
0.00186456
0.00186379
0.001863
0.00186221
0.00186142
0.00186064
0.0018599
0.00185918
0.00185852
0.00185791
0.00185736
0.00185688
0.00185644
0.00185609
0.00185583
0.00185566
0.00185559
0.00185562
0.00185574
0.00185595
0.00185625
0.00185663
0.00185709
0.00185762
0.00185821
0.00185885
0.00185953
0.00186025
0.00186098
0.00186172
0.00186253
0.00186333
0.00186412
0.00186488
0.00186561
0.00186629
0.00186691
0.00186747
0.00186796
0.00186838
0.00186871
0.00186895
0.0018691
0.00186916
0.00186913
0.00186901
0.00186875
0.00186845
0.00186807
0.00186761
0.00186707
0.00186647
0.00186582
0.00186512
0.00186438
0.00186362
0.00186283
0.00186205
0.00186126
0.00186049
0.00185975
0.00185905
0.00185839
0.00185779
0.00185725
0.00185678
0.00185634
0.00185599
0.00185574
0.00185558
0.00185552
0.00185555
0.00185568
0.0018559
0.0018562
0.00185659
0.00185706
0.0018576
0.00185819
0.00185884
0.00185953
0.00186025
0.00186099
0.00186174
0.00186255
0.00186336
0.00186416
0.00186493
0.00186566
0.00186635
0.00186698
0.00186754
0.00186804
0.00186846
0.0018688
0.00186905
0.0018692
0.00186927
0.00186924
0.00186912
0.00186887
0.00186857
0.0018682
0.00186774
0.00186721
0.00186662
0.00186597
0.00186527
0.00186453
0.00186377
0.00186299
0.00186221
0.00186143
0.00186066
0.00185992
0.00185922
0.00185856
0.00185796
0.00185742
0.00185695
0.00185652
0.00185617
0.00185592
0.00185576
0.0018557
0.00185573
0.00185586
0.00185607
0.00185638
0.00185677
0.00185723
0.00185777
0.00185836
0.00185901
0.0018597
0.00186042
0.00186116
0.0018619
0.00186271
0.00186352
0.00186431
0.00186508
0.00186581
0.00186649
0.00186712
0.00186769
0.00186818
0.00186859
0.00186893
0.00186917
0.00186933
0.00186939
0.00186936
0.00186923
0.00186897
0.00186868
0.00186829
0.00186783
0.0018673
0.0018667
0.00186605
0.00186534
0.0018646
0.00186384
0.00186305
0.00186226
0.00186148
0.00186071
0.00185996
0.00185925
0.00185859
0.00185799
0.00185744
0.00185697
0.00185653
0.00185618
0.00185592
0.00185576
0.00185569
0.00185572
0.00185584
0.00185605
0.00185635
0.00185674
0.0018572
0.00185773
0.00185832
0.00185896
0.00185965
0.00186036
0.0018611
0.00186184
0.00186265
0.00186345
0.00186424
0.001865
0.00186573
0.00186641
0.00186704
0.0018676
0.00186809
0.0018685
0.00186883
0.00186907
0.00186923
0.00186928
0.00186925
0.00186912
0.00186887
0.00186856
0.00186818
0.00186772
0.00186718
0.00186658
0.00186593
0.00186522
0.00186448
0.00186372
0.00186293
0.00186214
0.00186136
0.00186059
0.00185984
0.00185913
0.00185847
0.00185787
0.00185732
0.00185685
0.00185641
0.00185606
0.0018558
0.00185564
0.00185558
0.00185561
0.00185573
0.00185595
0.00185625
0.00185664
0.0018571
0.00185763
0.00185822
0.00185887
0.00185956
0.00186027
0.00186101
0.00186176
0.00186257
0.00186337
0.00186416
0.00186493
0.00186566
0.00186634
0.00186697
0.00186753
0.00186803
0.00186844
0.00186878
0.00186902
0.00186918
0.00186924
0.00186921
0.00186909
0.00186883
0.00186853
0.00186815
0.00186769
0.00186716
0.00186656
0.00186591
0.00186521
0.00186448
0.00186371
0.00186293
0.00186214
0.00186136
0.00186059
0.00185985
0.00185915
0.00185849
0.00185789
0.00185734
0.00185687
0.00185644
0.00185609
0.00185584
0.00185568
0.00185561
0.00185565
0.00185577
0.00185599
0.0018563
0.00185669
0.00185715
0.00185769
0.00185828
0.00185893
0.00185962
0.00186034
0.00186107
0.00186182
0.00186263
0.00186344
0.00186423
0.001865
0.00186573
0.00186641
0.00186704
0.00186761
0.0018681
0.00186852
0.00186886
0.0018691
0.00186926
0.00186932
0.00186929
0.00186917
0.00186891
0.00186861
0.00186823
0.00186777
0.00186724
0.00186665
0.00186599
0.00186529
0.00186455
0.00186379
0.00186301
0.00186222
0.00186144
0.00186067
0.00185993
0.00185922
0.00185856
0.00185796
0.00185741
0.00185694
0.00185651
0.00185616
0.0018559
0.00185574
0.00185568
0.00185571
0.00185583
0.00185605
0.00185635
0.00185674
0.0018572
0.00185773
0.00185833
0.00185897
0.00185966
0.00186037
0.00186111
0.00186186
0.00186267
0.00186347
0.00186426
0.00186503
0.00186575
0.00186644
0.00186706
0.00186763
0.00186812
0.00186853
0.00186887
0.00186911
0.00186926
0.00186932
0.00186929
0.00186917
0.00186891
0.00186861
0.00186823
0.00186777
0.00186723
0.00186663
0.00186598
0.00186528
0.00186454
0.00186377
0.00186299
0.0018622
0.00186141
0.00186064
0.0018599
0.00185919
0.00185853
0.00185792
0.00185738
0.00185691
0.00185647
0.00185612
0.00185586
0.0018557
0.00185563
0.00185566
0.00185579
0.001856
0.0018563
0.00185669
0.00185715
0.00185768
0.00185828
0.00185892
0.00185961
0.00186032
0.00186106
0.0018618
0.00186261
0.00186342
0.00186421
0.00186497
0.0018657
0.00186638
0.00186701
0.00186757
0.00186807
0.00186848
0.00186881
0.00186906
0.00186921
0.00186927
0.00186924
0.00186912
0.00186886
0.00186856
0.00186818
0.00186772
0.00186718
0.00186658
0.00186593
0.00186523
0.00186449
0.00186372
0.00186294
0.00186215
0.00186137
0.0018606
0.00185986
0.00185915
0.00185849
0.00185789
0.00185735
0.00185687
0.00185644
0.00185609
0.00185583
0.00185567
0.00185561
0.00185564
0.00185576
0.00185598
0.00185628
0.00185667
0.00185713
0.00185767
0.00185826
0.00185891
0.00185959
0.00186031
0.00186105
0.0018618
0.00186261
0.00186341
0.00186421
0.00186497
0.0018657
0.00186638
0.00186701
0.00186758
0.00186807
0.00186849
0.00186882
0.00186907
0.00186922
0.00186928
0.00186925
0.00186913
0.00186887
0.00186858
0.0018682
0.00186774
0.0018672
0.00186661
0.00186595
0.00186525
0.00186452
0.00186375
0.00186297
0.00186218
0.0018614
0.00186063
0.00185989
0.00185918
0.00185852
0.00185792
0.00185738
0.00185691
0.00185647
0.00185612
0.00185587
0.00185571
0.00185564
0.00185567
0.0018558
0.00185602
0.00185632
0.00185671
0.00185717
0.0018577
0.0018583
0.00185894
0.00185963
0.00186035
0.00186109
0.00186183
0.00186264
0.00186345
0.00186424
0.00186501
0.00186574
0.00186642
0.00186705
0.00186761
0.0018681
0.00186852
0.00186885
0.0018691
0.00186925
0.00186932
0.00186928
0.00186916
0.0018689
0.0018686
0.00186822
0.00186776
0.00186723
0.00186663
0.00186598
0.00186528
0.00186454
0.00186377
0.00186299
0.0018622
0.00186142
0.00186065
0.0018599
0.0018592
0.00185854
0.00185793
0.00185739
0.00185692
0.00185648
0.00185613
0.00185587
0.00185571
0.00185565
0.00185568
0.0018558
0.00185602
0.00185632
0.00185671
0.00185717
0.0018577
0.0018583
0.00185894
0.00185963
0.00186034
0.00186108
0.00186183
0.00186264
0.00186344
0.00186423
0.001865
0.00186572
0.00186641
0.00186703
0.0018676
0.00186809
0.00186851
0.00186884
0.00186908
0.00186924
0.0018693
0.00186927
0.00186914
0.00186888
0.00186858
0.0018682
0.00186774
0.00186721
0.00186661
0.00186596
0.00186525
0.00186452
0.00186375
0.00186297
0.00186218
0.00186139
0.00186062
0.00185988
0.00185917
0.00185851
0.00185791
0.00185737
0.00185689
0.00185646
0.00185611
0.00185585
0.00185569
0.00185562
0.00185565
0.00185578
0.00185599
0.0018563
0.00185668
0.00185715
0.00185768
0.00185827
0.00185892
0.0018596
0.00186032
0.00186106
0.00186181
0.00186262
0.00186342
0.00186421
0.00186498
0.00186571
0.00186639
0.00186702
0.00186758
0.00186807
0.00186849
0.00186882
0.00186907
0.00186922
0.00186928
0.00186925
0.00186913
0.00186887
0.00186857
0.00186819
0.00186773
0.0018672
0.0018666
0.00186595
0.00186525
0.00186451
0.00186374
0.00186296
0.00186217
0.00186139
0.00186062
0.00185988
0.00185917
0.00185851
0.00185791
0.00185737
0.00185689
0.00185646
0.00185611
0.00185585
0.00185569
0.00185563
0.00185566
0.00185578
0.001856
0.0018563
0.00185669
0.00185715
0.00185769
0.00185828
0.00185893
0.00185961
0.00186033
0.00186107
0.00186182
0.00186263
0.00186343
0.00186422
0.00186499
0.00186572
0.0018664
0.00186703
0.00186759
0.00186809
0.0018685
0.00186884
0.00186908
0.00186924
0.0018693
0.00186927
0.00186914
0.00186889
0.00186859
0.00186821
0.00186775
0.00186721
0.00186662
0.00186596
0.00186526
0.00186453
0.00186376
0.00186298
0.00186219
0.0018614
0.00186064
0.00185989
0.00185919
0.00185853
0.00185792
0.00185738
0.00185691
0.00185647
0.00185612
0.00185587
0.00185571
0.00185564
0.00185567
0.0018558
0.00185601
0.00185632
0.0018567
0.00185717
0.0018577
0.00185829
0.00185894
0.00185963
0.00186034
0.00186108
0.00186183
0.00186264
0.00186344
0.00186423
0.001865
0.00186573
0.00186641
0.00186704
0.0018676
0.00186809
0.00186851
0.00186884
0.00186909
0.00186924
0.0018693
0.00186927
0.00186915
0.00186889
0.00186859
0.00186821
0.00186775
0.00186722
0.00186662
0.00186596
0.00186526
0.00186452
0.00186376
0.00186298
0.00186219
0.0018614
0.00186063
0.00185989
0.00185918
0.00185852
0.00185792
0.00185738
0.0018569
0.00185647
0.00185612
0.00185586
0.0018557
0.00185563
0.00185566
0.00185579
0.00185601
0.00185631
0.0018567
0.00185716
0.00185769
0.00185828
0.00185893
0.00185962
0.00186033
0.00186107
0.00186182
0.00186263
0.00186343
0.00186422
0.00186499
0.00186572
0.0018664
0.00186703
0.00186759
0.00186808
0.0018685
0.00186883
0.00186908
0.00186923
0.00186929
0.00186926
0.00186914
0.00186888
0.00186858
0.0018682
0.00186774
0.0018672
0.00186661
0.00186595
0.00186525
0.00186451
0.00186375
0.00186296
0.00186218
0.00186139
0.00186062
0.00185988
0.00185918
0.00185851
0.00185791
0.00185737
0.0018569
0.00185646
0.00185611
0.00185585
0.00185569
0.00185563
0.00185566
0.00185578
0.001856
0.0018563
0.00185669
0.00185715
0.00185769
0.00185828
0.00185892
0.00185961
0.00186033
0.00186107
0.00186181
0.00186262
0.00186343
0.00186422
0.00186499
0.00186571
0.0018664
0.00186702
0.00186759
0.00186808
0.0018685
0.00186883
0.00186908
0.00186923
0.00186929
0.00186926
0.00186914
0.00186888
0.00186858
0.0018682
0.00186774
0.00186721
0.00186661
0.00186596
0.00186526
0.00186452
0.00186375
0.00186297
0.00186218
0.0018614
0.00186063
0.00185989
0.00185918
0.00185852
0.00185792
0.00185737
0.0018569
0.00185646
0.00185612
0.00185586
0.0018557
0.00185563
0.00185566
0.00185579
0.00185601
0.00185631
0.0018567
0.00185716
0.00185769
0.00185829
0.00185893
0.00185962
0.00186034
0.00186107
0.00186182
0.00186263
0.00186344
0.00186423
0.00186499
0.00186572
0.0018664
0.00186703
0.0018676
0.00186809
0.00186851
0.00186884
0.00186908
0.00186924
0.0018693
0.00186927
0.00186914
0.00186889
0.00186859
0.00186821
0.00186775
0.00186721
0.00186662
0.00186596
0.00186526
0.00186452
0.00186376
0.00186297
0.00186219
0.0018614
0.00186063
0.00185989
0.00185918
0.00185852
0.00185792
0.00185738
0.00185691
0.00185647
0.00185612
0.00185586
0.0018557
0.00185564
0.00185567
0.00185579
0.00185601
0.00185631
0.0018567
0.00185716
0.00185769
0.00185829
0.00185893
0.00185962
0.00186034
0.00186107
0.00186182
0.00186263
0.00186344
0.00186423
0.00186499
0.00186572
0.0018664
0.00186703
0.0018676
0.00186809
0.0018685
0.00186884
0.00186908
0.00186924
0.0018693
0.00186927
0.00186914
0.00186888
0.00186859
0.0018682
0.00186774
0.00186721
0.00186661
0.00186596
0.00186526
0.00186452
0.00186375
0.00186297
0.00186218
0.0018614
0.00186063
0.00185989
0.00185918
0.00185852
0.00185791
0.00185737
0.0018569
0.00185646
0.00185611
0.00185586
0.0018557
0.00185563
0.00185566
0.00185579
0.001856
0.00185631
0.00185669
0.00185716
0.00185769
0.00185828
0.00185893
0.00185961
0.00186033
0.00186107
0.00186182
0.00186263
0.00186343
0.00186422
0.00186499
0.00186572
0.0018664
0.00186703
0.00186759
0.00186808
0.0018685
0.00186883
0.00186908
0.00186923
0.00186929
0.00186926
0.00186914
0.00186888
0.00186858
0.0018682
0.00186774
0.00186721
0.00186661
0.00186596
0.00186526
0.00186452
0.00186375
0.00186297
0.00186218
0.0018614
0.00186063
0.00185988
0.00185918
0.00185852
0.00185791
0.00185737
0.0018569
0.00185646
0.00185611
0.00185586
0.0018557
0.00185563
0.00185566
0.00185579
0.001856
0.00185631
0.00185669
0.00185716
0.00185769
0.00185828
0.00185893
0.00185962
0.00186033
0.00186107
0.00186182
0.00186263
0.00186343
0.00186422
0.00186499
0.00186572
0.0018664
0.00186703
0.00186759
0.00186809
0.0018685
0.00186883
0.00186908
0.00186923
0.0018693
0.00186926
0.00186914
0.00186888
0.00186859
0.0018682
0.00186774
0.00186721
0.00186661
0.00186596
0.00186526
0.00186452
0.00186375
0.00186297
0.00186218
0.0018614
0.00186063
0.00185989
0.00185918
0.00185852
0.00185792
0.00185737
0.0018569
0.00185647
0.00185612
0.00185586
0.0018557
0.00185563
0.00185567
0.00185579
0.00185601
0.00185631
0.0018567
0.00185716
0.00185769
0.00185829
0.00185893
0.00185962
0.00186034
0.00186107
0.00186182
0.00186263
0.00186344
0.00186423
0.00186499
0.00186572
0.0018664
0.00186703
0.0018676
0.00186809
0.0018685
0.00186884
0.00186908
0.00186924
0.0018693
0.00186927
0.00186914
0.00186888
0.00186859
0.0018682
0.00186774
0.00186721
0.00186661
0.00186596
0.00186526
0.00186452
0.00186375
0.00186297
0.00186218
0.0018614
0.00186063
0.00185989
0.00185918
0.00185852
0.00185792
0.00185737
0.0018569
0.00185646
0.00185612
0.00185586
0.0018557
0.00185563
0.00185566
0.00185579
0.00185601
0.00185631
0.0018567
0.00185716
0.00185769
0.00185829
0.00185893
0.00185962
0.00186033
0.00186107
0.00186182
0.00186263
0.00186343
0.00186422
0.00186499
0.00186572
0.0018664
0.00186703
0.00186759
0.00186809
0.0018685
0.00186883
0.00186908
0.00186923
0.0018693
0.00186926
0.00186914
0.00186888
0.00186858
0.0018682
0.00186774
0.00186721
0.00186661
0.00186596
0.00186526
0.00186452
0.00186375
0.00186297
0.00186218
0.0018614
0.00186063
0.00185989
0.00185918
0.00185852
0.00185791
0.00185737
0.0018569
0.00185646
0.00185611
0.00185586
0.0018557
0.00185563
0.00185566
0.00185579
0.001856
0.00185631
0.00185669
0.00185716
0.00185769
0.00185828
0.00185893
0.00185962
0.00186033
0.00186107
0.00186182
0.00186263
0.00186343
0.00186422
0.00186499
0.00186572
0.0018664
0.00186703
0.00186759
0.00186809
0.0018685
0.00186883
0.00186908
0.00186923
0.0018693
0.00186926
0.00186914
0.00186888
0.00186858
0.0018682
0.00186774
0.00186721
0.00186661
0.00186596
0.00186526
0.00186452
0.00186375
0.00186297
0.00186218
0.0018614
0.00186063
0.00185989
0.00185918
0.00185852
0.00185792
0.00185737
0.0018569
0.00185646
0.00185612
0.00185586
0.0018557
0.00185563
0.00185566
0.00185579
0.001856
0.00185631
0.0018567
0.00185716
0.00185769
0.00185829
0.00185893
0.00185962
0.00186034
0.00186107
0.00186182
0.00186263
0.00186343
0.00186423
0.00186499
0.00186572
0.0018664
0.00186703
0.00186759
0.00186809
0.0018685
0.00186884
0.00186908
0.00186923
0.0018693
0.00186927
0.00186914
0.00186888
0.00186859
0.0018682
0.00186774
0.00186721
0.00186661
0.00186596
0.00186526
0.00186452
0.00186375
0.00186297
0.00186218
0.0018614
0.00186063
0.00185989
0.00185918
0.00185852
0.00185792
0.00185737
0.0018569
0.00185646
0.00185612
0.00185586
0.0018557
0.00185563
0.00185566
0.00185579
0.00185601
0.00185631
0.0018567
0.00185716
0.00185769
0.00185829
0.00185893
0.00185962
0.00186034
0.00186107
0.00186182
0.00186263
0.00186343
0.00186423
0.00186499
0.00186572
0.0018664
0.00186703
0.00186759
0.00186809
0.0018685
0.00186884
0.00186908
0.00186923
0.0018693
0.00186926
0.00186914
0.00186888
0.00186859
0.0018682
0.00186774
0.00186721
0.00186661
0.00186596
0.00186526
0.00186452
0.00186375
0.00186297
0.00186218
0.0018614
0.00186063
0.00185989
0.00185918
0.00185852
0.00185792
0.00185737
0.0018569
0.00185646
0.00185612
0.00185586
0.0018557
0.00185563
0.00185566
0.00185579
0.001856
0.00185631
0.0018567
0.00185716
0.00185769
0.00185828
0.00185893
0.00185962
0.00186033
0.00186107
0.00186182
0.00186263
0.00186343
0.00186422
0.00186499
0.00186572
0.0018664
0.00186703
0.00186759
0.00186809
0.0018685
0.00186883
0.00186908
0.00186923
0.0018693
0.00186926
0.00186914
0.00186888
0.00186858
0.0018682
0.00186774
0.00186721
0.00186661
0.00186596
0.00186526
0.00186452
0.00186375
0.00186297
0.00186218
0.0018614
0.00186063
0.00185989
0.00185918
0.00185852
0.00185791
0.00185737
0.0018569
0.00185646
0.00185612
0.00185586
0.0018557
0.00185563
0.00185566
0.00185579
0.001856
0.00185631
0.0018567
0.00185716
0.00185769
0.00185828
0.00185893
0.00185962
0.00186033
0.00186107
0.00186182
0.00186263
0.00186343
0.00186422
0.00186499
0.00186572
0.0018664
0.00186703
0.00186759
0.00186809
0.0018685
0.00186883
0.00186908
0.00186923
0.0018693
0.00186926
0.00186914
0.00186888
0.00186859
0.0018682
0.00186774
0.00186721
0.00186661
0.00186596
0.00186526
0.00186452
0.00186375
0.00186297
0.00186218
0.0018614
0.00186063
0.00185989
0.00185918
0.00185852
0.00185792
0.00185737
0.0018569
0.00185646
0.00185612
0.00185586
0.0018557
0.00185563
0.00185566
0.00185579
0.001856
0.00185631
0.0018567
0.00185716
0.00185769
0.00185829
0.00185893
0.00185962
0.00186034
0.00186107
0.00186182
0.00186263
0.00186343
0.00186423
0.00186499
0.00186572
0.0018664
0.00186703
0.00186759
0.00186809
0.0018685
0.00186884
0.00186908
0.00186923
0.0018693
0.00186926
0.00186914
0.00186888
0.00186859
0.0018682
0.00186774
0.00186721
0.00186661
0.00186596
0.00186526
0.00186452
0.00186375
0.00186297
0.00186218
0.0018614
0.00186063
0.00185989
0.00185918
0.00185852
0.00185792
0.00185737
0.0018569
0.00185646
0.00185612
0.00185586
0.0018557
0.00185563
0.00185566
0.00185579
0.001856
0.00185631
0.0018567
0.00185716
0.00185769
0.00185829
0.00185893
0.00185962
0.00186033
0.00186107
0.00186182
0.00186263
0.00186343
0.00186422
0.00186499
0.00186572
0.0018664
0.00186703
0.00186759
0.00186809
0.0018685
0.00186883
0.00186908
0.00186923
0.0018693
0.00186926
0.00186914
0.00186888
0.00186859
0.0018682
0.00186774
0.00186721
0.00186661
0.00186596
0.00186526
0.00186452
0.00186375
0.00186297
0.00186218
0.0018614
0.00186063
0.00185989
0.00185918
0.00185852
0.00185792
0.00185737
0.0018569
0.00185646
0.00185612
0.00185586
0.0018557
0.00185563
0.00185566
0.00185579
0.001856
0.00185631
0.0018567
0.00185716
0.00185769
0.00185828
0.00185893
0.00185962
0.00186033
0.00186107
0.00186182
0.00186263
0.00186343
0.00186422
0.00186499
0.00186572
0.0018664
0.00186703
0.00186759
0.00186809
0.0018685
0.00186883
0.00186908
0.00186923
0.0018693
0.00186926
0.00186914
0.00186888
0.00186859
0.0018682
0.00186774
0.00186721
0.00186661
0.00186596
0.00186526
0.00186452
0.00186375
0.00186297
0.00186218
0.0018614
0.00186063
0.00185989
0.00185918
0.00185852
0.00185792
0.00185737
0.0018569
0.00185646
0.00185612
0.00185586
0.0018557
0.00185563
0.00185566
0.00185579
0.001856
0.00185631
0.0018567
0.00185716
0.00185769
0.00185829
0.00185893
0.00185962
0.00186033
0.00186107
0.00186182
0.00186263
0.00186343
0.00186422
0.00186499
0.00186572
0.0018664
0.00186703
0.00186759
0.00186809
0.0018685
0.00186883
0.00186908
0.00186923
0.0018693
0.00186926
0.00186914
0.00186888
0.00186859
0.0018682
0.00186774
0.00186721
0.00186661
0.00186596
0.00186526
0.00186452
0.00186375
0.00186297
0.00186218
0.0018614
0.00186063
0.00185989
0.00185918
0.00185852
0.00185792
0.00185737
0.0018569
0.00185646
0.00185612
0.00185586
0.0018557
0.00185563
0.00185566
0.00185579
0.001856
0.00185631
0.0018567
0.00185716
0.00185769
0.00185829
0.00185893
0.00185962
0.00186033
0.00186107
0.00186182
0.00186263
0.00186343
0.00186423
0.00186499
0.00186572
0.0018664
0.00186703
0.00186759
0.00186809
0.0018685
0.00186883
0.00186908
0.00186923
0.0018693
0.00186926
0.00186914
0.00186888
0.00186859
0.0018682
0.00186774
0.00186721
0.00186661
0.00186596
0.00186526
0.00186452
0.00186375
0.00186297
0.00186218
0.0018614
0.00186063
0.00185989
0.00185918
0.00185852
0.00185792
0.00185737
0.0018569
0.00185646
0.00185612
0.00185586
0.0018557
0.00185563
0.00185566
0.00185579
0.001856
0.00185631
0.0018567
0.00185716
0.00185769
0.00185829
0.00185893
0.00185962
0.00186033
0.00186107
0.00186182
0.00186263
0.00186343
0.00186422
0.00186499
0.00186572
0.0018664
0.00186703
0.00186759
0.00186809
0.0018685
0.00186883
