0.000754942
0.00083812
0.000930002
0.00103139
0.00114314
0.00126614
0.00140134
0.00154969
0.0017122
0.00188984
0.00208359
0.0022944
0.00252314
0.00277055
0.00303728
0.00332372
0.00363005
0.00395611
0.00430139
0.00466491
0.00504516
0.00544009
0.00584697
0.0062625
0.00668253
0.0071023
0.00751649
0.00791906
0.00830362
0.0086635
0.00899195
0.00928243
0.00952881
0.00972566
0.00986853
0.0099541
0.00998041
0.00994695
0.00985464
0.00970587
0.00950429
0.00925467
0.00896269
0.00863461
0.00827707
0.0078968
0.00750039
0.0070941
0.00668369
0.00627433
0.00587052
0.00547605
0.00509403
0.0047269
0.0043765
0.0040441
0.00373049
0.00343603
0.00316075
0.0029044
0.00266648
0.00244634
0.00224321
0.0020562
0.0018844
0.00172686
0.00158262
0.00145075
0.00133033
0.00122046
0.00112031
0.00102909
0.00094603
0.000870444
0.000801677
0.000739125
0.00068223
0.000630482
0.000583409
0.000540583
0.00050161
0.000466132
0.000433824
0.00040439
0.000377562
0.000353096
0.000330771
0.000310388
0.000291766
0.000274742
0.000259169
0.000244876
0.000231788
0.000219797
0.000208801
0.000198663
0.000189356
0.000180805
0.000172943
0.000165615
0.00015887
0.000152659
0.000146938
0.000141664
0.000136802
0.000132317
0.000128181
0.000124365
0.000120844
0.000117596
0.000114601
0.0001118
0.00010926
0.000106921
0.000104769
0.00010279
0.000100973
9.93064e-05
9.77815e-05
9.63888e-05
9.51199e-05
9.39673e-05
9.29239e-05
9.19831e-05
9.1139e-05
9.0386e-05
8.97189e-05
8.9133e-05
8.86239e-05
8.81874e-05
8.78197e-05
8.75173e-05
8.72767e-05
8.7095e-05
8.69691e-05
8.68964e-05
8.68742e-05
8.69003e-05
8.69723e-05
8.70881e-05
8.72457e-05
8.74433e-05
8.76791e-05
8.79514e-05
8.82585e-05
8.85991e-05
8.89717e-05
8.93749e-05
8.98075e-05
9.02682e-05
9.07559e-05
9.12695e-05
9.18079e-05
9.23702e-05
9.29128e-05
9.35247e-05
9.41572e-05
9.48095e-05
9.54808e-05
9.61704e-05
9.68777e-05
9.76019e-05
9.83424e-05
9.90985e-05
9.98698e-05
0.000100655
0.000101455
0.000102268
0.000103094
0.000103932
0.000104782
0.000105643
0.000106515
0.000107397
0.000108289
0.000109191
0.000110102
0.000111021
0.000111948
0.000112883
0.000113826
0.000114775
0.000115731
0.000116806
0.00011789
0.000118981
0.000120081
0.000121189
0.000122304
0.000123428
0.00012456
0.0001257
0.000126849
0.000128006
0.000129171
0.000130346
0.000131529
0.000132721
0.000133923
0.000135134
0.000136355
0.000137586
0.000138828
0.000140081
0.000141345
0.000142621
0.000143909
0.00014521
0.000146525
0.000147853
0.000149196
0.000150555
0.00015193
0.000153322
0.000154732
0.00015616
0.000157609
0.000159079
0.000160571
0.000162087
0.000163628
0.000165195
0.000166789
0.000168414
0.000170069
0.000171757
0.000173481
0.000175241
0.000177041
0.000178881
0.000180766
0.000182698
0.000184678
0.000186711
0.000188799
0.000190945
0.000193153
0.000195427
0.000197769
0.000200185
0.000202678
0.000205253
0.000207914
0.000210666
0.000213515
0.000216466
0.000219524
0.000222695
0.000225986
0.000229403
0.000232954
0.000236644
0.000240482
0.000244476
0.000248633
0.000252963
0.000257474
0.000262176
0.000267079
0.000272192
0.000277526
0.000283093
0.000288904
0.000294971
0.000301305
0.000307921
0.000314958
0.000322317
0.000330013
0.000338062
0.000346482
0.00035529
0.000364504
0.000374143
0.000384225
0.000394772
0.000405802
0.000417338
0.000429401
0.000442014
0.000455199
0.00046898
0.000483381
0.000498426
0.00051414
0.000530547
0.000547675
0.000565548
0.000584192
0.000603634
0.000623899
0.000645013
0.000667002
0.000689891
0.000713706
0.00073847
0.000764206
0.000790937
0.000818685
0.000847468
0.000877305
0.000908213
0.000940205
0.000973292
0.00100749
0.00104279
0.00107921
0.00111674
0.00115538
0.00119512
0.00123595
0.00127784
0.00132078
0.00136474
0.00140969
0.00145557
0.00150235
0.00154997
0.00159845
0.00164766
0.00169754
0.00174799
0.00179895
0.00185031
0.00190199
0.00195387
0.00200585
0.00205782
0.00210966
0.00216119
0.00221235
0.00226299
0.00231299
0.00236221
0.00241051
0.00245777
0.00250384
0.0025486
0.00259191
0.00263365
0.0026737
0.00271195
0.00274829
0.00278261
0.00281483
0.00284486
0.00287263
0.00289808
0.00292116
0.00294181
0.00296001
0.00297575
0.00298899
0.00299976
0.003008
0.00301384
0.00301726
0.00301828
0.00301695
0.00301333
0.00300747
0.00299944
0.00298931
0.00297716
0.00296306
0.00294709
0.00292934
0.00290997
0.002889
0.00286654
0.00284266
0.00281747
0.00279105
0.00276349
0.0027349
0.00270536
0.00267495
0.00264377
0.00261191
0.00257945
0.00254648
0.00251307
0.00247932
0.00244529
0.00241106
0.00237671
0.00234232
0.00230794
0.00227364
0.0022395
0.00220557
0.00217191
0.00213857
0.00210562
0.00207309
0.00204103
0.0020095
0.00197851
0.00194813
0.00191837
0.00188927
0.00186085
0.00183315
0.00180617
0.00177994
0.00175447
0.00172973
0.00170579
0.00168264
0.00166029
0.00163874
0.00161799
0.00159804
0.00157887
0.00156048
0.00154287
0.00152602
0.00150992
0.00149456
0.00147993
0.00146601
0.00145279
0.00144025
0.00142838
0.00141715
0.00140664
0.00139672
0.00138746
0.00137879
0.00137072
0.00136323
0.00135629
0.00134991
0.00134407
0.00133875
0.00133396
0.00132968
0.0013259
0.00132261
0.00131981
0.0013175
0.00131566
0.0013143
0.0013134
0.00131298
0.00131301
0.00131351
0.00131447
0.00131589
0.00131777
0.00132007
0.00132283
0.00132605
0.00132974
0.00133389
0.0013385
0.00134357
0.00134909
0.00135507
0.00136149
0.00136836
0.00137568
0.00138343
0.00139161
0.00140022
0.00140925
0.00141868
0.00142852
0.00143874
0.00144934
0.0014603
0.00147162
0.00148326
0.00149523
0.0015075
0.00152001
0.00153283
0.0015459
0.00155919
0.00157268
0.00158642
0.00160033
0.00161439
0.00162857
0.00164286
0.00165723
0.00167166
0.00168612
0.0017006
0.00171508
0.00172953
0.00174393
0.00175827
0.00177252
0.00178667
0.00180071
0.00181461
0.00182836
0.00184195
0.00185538
0.00186861
0.00188166
0.0018945
0.00190714
0.00191955
0.00193175
0.00194372
0.00195546
0.00196692
0.00197816
0.00198916
0.00199992
0.00201045
0.00202073
0.00203077
0.00204056
0.00205009
0.00205937
0.00206839
0.00207714
0.00208561
0.0020938
0.0021017
0.0021093
0.00211659
0.00212356
0.0021302
0.00213649
0.00214241
0.00214797
0.00215313
0.00215789
0.00216226
0.00216625
0.0021698
0.0021729
0.00217553
0.00217769
0.00217935
0.00218052
0.00218118
0.00218132
0.00218094
0.00218004
0.00217861
0.00217666
0.00217419
0.00217119
0.00216769
0.00216369
0.0021592
0.00215424
0.00214882
0.00214296
0.00213668
0.00213
0.00212294
0.00211554
0.00210782
0.0020998
0.0020915
0.00208297
0.00207423
0.0020653
0.00205622
0.00204701
0.00203769
0.00202831
0.00201883
0.00200934
0.00199986
0.0019904
0.00198098
0.00197163
0.00196235
0.00195317
0.00194409
0.00193512
0.00192628
0.00191757
0.001909
0.00190057
0.00189229
0.00188415
0.00187616
0.00186831
0.00186068
0.0018532
0.00184587
0.00183865
0.00183162
0.00182474
0.00181799
0.00181138
0.0018049
0.00179856
0.00179234
0.00178625
0.00178029
0.00177447
0.00176876
0.00176319
0.00175776
0.00175246
0.0017473
0.00174228
0.00173741
0.0017327
0.00172815
0.00172377
0.00171957
0.00171555
0.00171172
0.0017081
0.00170468
0.00170148
0.0016985
0.00169576
0.00169321
0.00169092
0.00168888
0.00168711
0.0016856
0.00168436
0.00168339
0.00168269
0.00168226
0.0016821
0.00168221
0.00168258
0.00168321
0.00168409
0.00168522
0.00168659
0.00168818
0.00169
0.00169203
0.00169425
0.00169666
0.00169925
0.00170199
0.00170491
0.00170801
0.00171125
0.0017146
0.00171805
0.0017216
0.00172522
0.00172891
0.00173266
0.00173645
0.00174027
0.00174412
0.00174799
0.00175187
0.00175576
0.00175964
0.00176352
0.0017674
0.00177126
0.00177511
0.00177895
0.00178279
0.00178661
0.00179043
0.00179425
0.00179807
0.0018019
0.00180574
0.0018096
0.00181347
0.00181733
0.00182123
0.00182517
0.00182915
0.00183318
0.00183727
0.0018414
0.00184558
0.00184982
0.0018541
0.00185843
0.0018628
0.00186721
0.00187166
0.00187613
0.00188061
0.0018851
0.00188959
0.00189406
0.0018985
0.0019029
0.00190724
0.00191151
0.00191576
0.00191988
0.00192394
0.00192787
0.00193166
0.0019353
0.00193877
0.00194206
0.00194516
0.00194805
0.00195073
0.00195319
0.00195541
0.00195739
0.00195913
0.00196062
0.00196187
0.00196286
0.00196361
0.00196411
0.00196437
0.00196439
0.00196419
0.00196377
0.00196315
0.00196232
0.00196132
0.00196014
0.0019588
0.00195732
0.00195571
0.00195399
0.00195217
0.00195022
0.00194821
0.00194615
0.00194406
0.00194193
0.00193979
0.00193765
0.0019355
0.00193337
0.00193125
0.00192915
0.00192707
0.00192503
0.00192301
0.00192101
0.00191904
0.0019171
0.00191517
0.00191326
0.00191135
0.00190945
0.00190761
0.00190578
0.0019039
0.00190205
0.00190017
0.00189827
0.00189633
0.00189436
0.00189233
0.00189026
0.00188813
0.00188594
0.0018837
0.00188139
0.00187902
0.00187659
0.00187411
0.00187156
0.00186897
0.00186634
0.00186366
0.00186095
0.00185822
0.00185548
0.00185273
0.00184999
0.00184727
0.00184457
0.00184192
0.00183931
0.00183676
0.00183429
0.00183186
0.00182953
0.00182731
0.00182521
0.00182323
0.00182139
0.00181968
0.0018181
0.00181668
0.00181539
0.00181426
0.00181326
0.00181241
0.0018117
0.00181113
0.00181068
0.00181036
0.00181015
0.00181005
0.00181005
0.00181014
0.0018103
0.0018106
0.00181093
0.00181135
0.00181182
0.00181233
0.00181285
0.00181339
0.00181393
0.00181447
0.00181499
0.0018155
0.00181597
0.00181642
0.00181683
0.00181719
0.00181752
0.0018178
0.00181804
0.00181824
0.0018184
0.00181853
0.00181862
0.00181869
0.00181875
0.00181878
0.00181882
0.00181886
0.00181891
0.00181899
0.0018191
0.00181924
0.00181944
0.00181965
0.00181994
0.00182031
0.00182077
0.00182132
0.00182196
0.00182271
0.00182356
0.00182452
0.00182558
0.00182674
0.00182801
0.00182938
0.00183085
0.0018324
0.00183405
0.00183576
0.00183755
0.00183939
0.00184128
0.00184321
0.00184515
0.00184718
0.00184919
0.00185123
0.00185326
0.00185527
0.00185723
0.00185915
0.001861
0.00186279
0.0018645
0.00186612
0.00186765
0.00186907
0.00187039
0.0018716
0.00187269
0.00187368
0.00187454
0.0018753
0.00187594
0.00187648
0.00187692
0.00187726
0.0018775
0.00187767
0.00187777
0.0018778
0.00187777
0.0018777
0.0018776
0.00187747
0.00187733
0.00187714
0.00187697
0.00187681
0.00187669
0.00187661
0.00187656
0.00187657
0.00187662
0.00187673
0.0018769
0.00187713
0.00187741
0.00187775
0.00187814
0.00187858
0.00187906
0.00187958
0.00188014
0.00188071
0.00188129
0.00188188
0.00188246
0.00188309
0.00188367
0.00188426
0.00188481
0.00188531
0.00188575
0.00188612
0.00188641
0.00188662
0.00188673
0.00188674
0.00188665
0.00188644
0.00188612
0.00188569
0.00188515
0.00188449
0.00188371
0.00188283
0.00188184
0.00188076
0.00187958
0.00187832
0.00187698
0.00187557
0.00187411
0.00187261
0.00187107
0.00186951
0.00186793
0.00186636
0.0018648
0.00186323
0.00186169
0.00186021
0.00185879
0.00185744
0.00185616
0.00185496
0.00185384
0.00185282
0.00185189
0.00185105
0.00185031
0.00184965
0.00184909
0.00184862
0.00184822
0.00184791
0.00184766
0.00184747
0.00184734
0.00184724
0.00184718
0.00184722
0.00184724
0.00184732
0.00184739
0.00184747
0.00184752
0.00184755
0.00184754
0.0018475
0.0018474
0.00184724
0.00184703
0.00184675
0.0018464
0.00184599
0.0018455
0.00184494
0.00184431
0.00184361
0.00184285
0.00184204
0.00184117
0.00184026
0.00183931
0.00183833
0.00183734
0.00183633
0.00183533
0.00183434
0.00183337
0.00183243
0.00183154
0.00183066
0.00182985
0.00182911
0.00182846
0.00183501
0.0018368
0.00183862
0.00184046
0.00184233
0.00184423
0.00184616
0.00184811
0.0018501
0.0018521
0.00185412
0.00185614
0.00185817
0.00186019
0.0018622
0.00186417
0.00186611
0.00186801
0.00186991
0.00187175
0.00187353
0.00187522
0.00187683
0.00187833
0.00187973
0.00188097
0.00188214
0.00188318
0.00188409
0.00188486
0.00188549
0.00188599
0.00188634
0.00188656
0.00188664
0.00188659
0.00188642
0.00188613
0.00188573
0.00188523
0.00188463
0.00188395
0.0018832
0.00188239
0.00188154
0.00188065
0.00187973
0.0018788
0.00187788
0.00187696
0.00187607
0.00187521
0.00187439
0.00187363
0.00187287
0.00187219
0.00187159
0.00187106
0.00187061
0.00187025
0.00186996
0.00186976
0.00186963
0.00186957
0.00186958
0.00186964
0.00186976
0.00186992
0.00187011
0.00187033
0.00187056
0.00187079
0.00187108
0.00187136
0.00187163
0.00187186
0.00187205
0.0018722
0.00187229
0.00187231
0.00187226
0.00187214
0.00187193
0.00187164
0.00187126
0.00187079
0.00187023
0.00186954
0.00186881
0.001868
0.00186712
0.00186616
0.00186514
0.00186407
0.00186295
0.00186179
0.00186061
0.00185941
0.00185821
0.00185701
0.00185584
0.00185469
0.00185358
0.00185252
0.00185153
0.0018506
0.00184976
0.001849
0.00184829
0.00184768
0.00184719
0.0018468
0.00184653
0.00184637
0.00184632
0.00184638
0.00184654
0.0018468
0.00184716
0.0018476
0.00184812
0.00184871
0.00184935
0.00185004
0.00185077
0.00185153
0.00185236
0.0018532
0.00185405
0.00185488
0.0018557
0.00185648
0.00185722
0.00185792
0.00185856
0.00185913
0.00185964
0.00186007
0.00186042
0.0018607
0.00186089
0.00186101
0.001861
0.00186096
0.00186086
0.00186068
0.00186044
0.00186015
0.00185981
0.00185943
0.00185903
0.00185861
0.00185817
0.00185775
0.00185733
0.00185693
0.00185657
0.00185625
0.00185599
0.00185578
0.00185564
0.00185558
0.00185556
0.00185563
0.0018558
0.00185606
0.00185643
0.00185689
0.00185745
0.00185811
0.00185885
0.00185968
0.00186059
0.00186156
0.0018626
0.00186369
0.00186482
0.00186598
0.00186715
0.00186833
0.00186958
0.00187082
0.00187203
0.00187322
0.00187436
0.00187546
0.00187649
0.00187745
0.00187833
0.00187913
0.00187984
0.00188044
0.00188095
0.00188136
0.00188166
0.00188186
0.00188192
0.00188192
0.00188183
0.00188164
0.00188138
0.00188103
0.00188062
0.00188015
0.00187962
0.00187906
0.00187847
0.00187786
0.00187724
0.00187663
0.00187603
0.00187545
0.00187491
0.00187441
0.00187397
0.00187358
0.00187322
0.00187293
0.00187273
0.00187261
0.00187258
0.00187263
0.00187276
0.00187298
0.00187328
0.00187365
0.00187409
0.00187458
0.00187513
0.00187572
0.00187635
0.00187699
0.00187764
0.0018783
0.001879
0.0018797
0.00188037
0.00188101
0.00188159
0.00188213
0.0018826
0.001883
0.00188331
0.00188354
0.00188368
0.00188373
0.00188367
0.00188351
0.00188326
0.0018829
0.0018824
0.00188185
0.00188122
0.0018805
0.0018797
0.00187883
0.0018779
0.00187692
0.0018759
0.00187485
0.00187377
0.00187269
0.00187162
0.00187055
0.00186952
0.00186851
0.00186756
0.00186666
0.00186582
0.00186506
0.00186433
0.00186369
0.00186315
0.0018627
0.00186236
0.00186211
0.00186196
0.00186191
0.00186195
0.00186207
0.00186228
0.00186256
0.0018629
0.00186331
0.00186375
0.00186424
0.00186475
0.00186527
0.00186586
0.00186646
0.00186704
0.0018676
0.00186814
0.00186863
0.00186907
0.00186946
0.00186978
0.00187003
0.0018702
0.0018703
0.0018703
0.00187023
0.00187006
0.00186981
0.00186943
0.00186902
0.00186853
0.00186797
0.00186735
0.00186667
0.00186594
0.00186516
0.00186436
0.00186354
0.00186272
0.00186189
0.00186107
0.00186028
0.00185953
0.00185881
0.00185816
0.00185756
0.00185704
0.00185659
0.00185619
0.00185588
0.00185567
0.00185557
0.00185557
0.00185567
0.00185588
0.00185618
0.00185658
0.00185707
0.00185764
0.00185829
0.001859
0.00185978
0.0018606
0.00186146
0.00186234
0.00186323
0.0018642
0.00186517
0.00186612
0.00186706
0.00186796
0.00186882
0.00186962
0.00187037
0.00187105
0.00187165
0.00187217
0.0018726
0.00187295
0.0018732
0.00187336
0.00187343
0.00187337
0.00187326
0.00187307
0.0018728
0.00187246
0.00187205
0.00187159
0.00187108
0.00187053
0.00186995
0.00186935
0.00186874
0.00186814
0.00186755
0.00186698
0.00186645
0.00186597
0.00186553
0.00186516
0.00186486
0.00186459
0.0018644
0.00186431
0.00186431
0.0018644
0.00186459
0.00186487
0.00186524
0.00186569
0.00186623
0.00186683
0.00186751
0.00186824
0.00186902
0.00186984
0.00187069
0.00187155
0.00187241
0.00187334
0.00187426
0.00187515
0.00187602
0.00187685
0.00187762
0.00187833
0.00187898
0.00187954
0.00188002
0.00188042
0.00188072
0.00188092
0.00188102
0.00188102
0.00188092
0.00188069
0.0018804
0.00188002
0.00187956
0.00187902
0.00187841
0.00187774
0.00187701
0.00187624
0.00187544
0.00187461
0.00187377
0.00187294
0.00187211
0.0018713
0.00187053
0.0018698
0.00186912
0.0018685
0.00186795
0.00186743
0.00186699
0.00186665
0.00186639
0.00186623
0.00186617
0.0018662
0.00186631
0.00186652
0.0018668
0.00186716
0.00186759
0.00186808
0.00186861
0.00186919
0.0018698
0.00187042
0.00187106
0.00187175
0.00187244
0.00187312
0.00187376
0.00187437
0.00187494
0.00187544
0.00187588
0.00187625
0.00187654
0.00187675
0.00187687
0.00187689
0.00187683
0.00187666
0.00187641
0.00187602
0.00187559
0.00187508
0.00187449
0.00187382
0.0018731
0.00187231
0.00187149
0.00187062
0.00186973
0.00186882
0.00186791
0.00186701
0.00186612
0.00186527
0.00186445
0.00186368
0.00186297
0.00186233
0.00186176
0.00186123
0.00186079
0.00186045
0.0018602
0.00186006
0.00186002
0.00186007
0.00186023
0.00186047
0.0018608
0.00186121
0.0018617
0.00186225
0.00186286
0.00186351
0.0018642
0.00186491
0.00186563
0.00186642
0.00186721
0.00186799
0.00186875
0.00186947
0.00187015
0.00187078
0.00187135
0.00187185
0.00187227
0.00187262
0.00187288
0.00187305
0.00187313
0.00187312
0.00187302
0.00187279
0.00187252
0.00187217
0.00187174
0.00187124
0.00187068
0.00187006
0.0018694
0.0018687
0.00186798
0.00186725
0.00186651
0.00186577
0.00186506
0.00186437
0.00186372
0.00186312
0.00186258
0.0018621
0.00186169
0.00186133
0.00186105
0.00186087
0.00186078
0.0018608
0.00186091
0.00186112
0.00186142
0.00186181
0.00186229
0.00186284
0.00186347
0.00186416
0.0018649
0.00186568
0.0018665
0.00186733
0.00186818
0.00186909
0.00186999
0.00187088
0.00187175
0.00187257
0.00187335
0.00187408
0.00187474
0.00187532
0.00187583
0.00187625
0.00187658
0.00187682
0.00187697
0.00187702
0.00187697
0.00187679
0.00187656
0.00187625
0.00187585
0.00187538
0.00187485
0.00187425
0.0018736
0.00187292
0.0018722
0.00187146
0.00187072
0.00186998
0.00186925
0.00186854
0.00186787
0.00186724
0.00186667
0.00186616
0.00186571
0.0018653
0.00186498
0.00186474
0.00186461
0.00186456
0.00186461
0.00186476
0.00186499
0.00186531
0.00186571
0.00186619
0.00186674
0.00186734
0.001868
0.00186869
0.00186942
0.00187016
0.00187091
0.00187173
0.00187253
0.00187332
0.00187408
0.0018748
0.00187548
0.00187609
0.00187664
0.00187712
0.00187751
0.00187782
0.00187804
0.00187817
0.0018782
0.00187813
0.00187797
0.00187767
0.00187733
0.0018769
0.00187639
0.00187581
0.00187515
0.00187444
0.00187368
0.00187289
0.00187206
0.00187121
0.00187036
0.00186951
0.00186867
0.00186787
0.00186709
0.00186637
0.00186569
0.00186508
0.00186455
0.00186404
0.00186363
0.00186331
0.00186308
0.00186296
0.00186293
0.00186299
0.00186315
0.0018634
0.00186373
0.00186414
0.00186462
0.00186516
0.00186575
0.00186639
0.00186706
0.00186775
0.00186845
0.00186922
0.00186998
0.00187073
0.00187145
0.00187214
0.00187278
0.00187337
0.00187389
0.00187435
0.00187472
0.00187502
0.00187522
0.00187534
0.00187536
0.00187529
0.00187513
0.00187484
0.0018745
0.00187408
0.00187359
0.00187302
0.00187238
0.0018717
0.00187096
0.00187019
0.00186939
0.00186858
0.00186776
0.00186695
0.00186616
0.00186539
0.00186467
0.00186399
0.00186336
0.00186281
0.00186232
0.00186187
0.00186152
0.00186126
0.00186109
0.00186103
0.00186106
0.00186119
0.00186142
0.00186173
0.00186213
0.00186261
0.00186316
0.00186378
0.00186444
0.00186516
0.0018659
0.00186667
0.00186744
0.00186829
0.00186912
0.00186995
0.00187075
0.00187152
0.00187224
0.0018729
0.0018735
0.00187404
0.00187449
0.00187486
0.00187514
0.00187534
0.00187543
0.00187544
0.00187535
0.00187513
0.00187487
0.00187452
0.00187409
0.00187359
0.00187303
0.00187241
0.00187174
0.00187103
0.00187029
0.00186954
0.00186878
0.00186803
0.00186729
0.00186658
0.0018659
0.00186527
0.0018647
0.00186419
0.00186375
0.00186334
0.00186303
0.0018628
0.00186268
0.00186264
0.00186271
0.00186287
0.00186313
0.00186347
0.00186389
0.00186439
0.00186497
0.0018656
0.00186629
0.00186701
0.00186777
0.00186855
0.00186933
0.00187018
0.00187102
0.00187185
0.00187265
0.00187342
0.00187414
0.0018748
0.00187539
0.00187591
0.00187636
0.00187671
0.00187698
0.00187716
0.00187724
0.00187722
0.00187711
0.00187686
0.00187658
0.0018762
0.00187574
0.00187521
0.00187461
0.00187396
0.00187325
0.00187251
0.00187174
0.00187094
0.00187014
0.00186935
0.00186857
0.00186781
0.00186709
0.00186641
0.00186579
0.00186523
0.00186475
0.00186429
0.00186393
0.00186365
0.00186348
0.0018634
0.00186341
0.00186352
0.00186372
0.00186401
0.00186439
0.00186484
0.00186536
0.00186594
0.00186657
0.00186724
0.00186795
0.00186867
0.00186941
0.00187021
0.001871
0.00187178
0.00187253
0.00187324
0.00187391
0.00187452
0.00187507
0.00187554
0.00187594
0.00187625
0.00187647
0.00187661
0.00187664
0.00187659
0.00187643
0.00187615
0.00187582
0.00187541
0.00187492
0.00187435
0.00187372
0.00187303
0.0018723
0.00187152
0.00187072
0.0018699
0.00186908
0.00186826
0.00186745
0.00186667
0.00186593
0.00186524
0.0018646
0.00186403
0.00186353
0.00186306
0.00186268
0.0018624
0.00186222
0.00186213
0.00186214
0.00186224
0.00186244
0.00186273
0.0018631
0.00186355
0.00186408
0.00186466
0.0018653
0.00186598
0.00186669
0.00186743
0.00186817
0.00186898
0.00186979
0.00187058
0.00187134
0.00187207
0.00187276
0.00187339
0.00187395
0.00187445
0.00187487
0.0018752
0.00187545
0.0018756
0.00187567
0.00187563
0.00187551
0.00187525
0.00187495
0.00187457
0.00187411
0.00187357
0.00187297
0.00187232
0.00187161
0.00187087
0.0018701
0.00186932
0.00186853
0.00186774
0.00186697
0.00186623
0.00186552
0.00186486
0.00186426
0.00186372
0.00186325
0.00186282
0.00186248
0.00186223
0.00186208
0.00186203
0.00186207
0.00186221
0.00186245
0.00186277
0.00186318
0.00186366
0.00186421
0.00186483
0.0018655
0.00186621
0.00186696
0.00186772
0.0018685
0.00186933
0.00187017
0.00187099
0.00187178
0.00187254
0.00187325
0.00187391
0.0018745
0.00187502
0.00187546
0.00187582
0.00187608
0.00187626
0.00187634
0.00187633
0.00187622
0.00187598
0.0018757
0.00187533
0.00187488
0.00187436
0.00187377
0.00187313
0.00187243
0.0018717
0.00187094
0.00187016
0.00186938
0.0018686
0.00186783
0.00186709
0.00186639
0.00186573
0.00186513
0.00186459
0.00186412
0.00186369
0.00186334
0.00186309
0.00186293
0.00186287
0.00186291
0.00186304
0.00186327
0.00186358
0.00186398
0.00186445
0.00186499
0.0018656
0.00186626
0.00186696
0.00186769
0.00186843
0.00186919
0.00187002
0.00187083
0.00187164
0.00187241
0.00187315
0.00187384
0.00187448
0.00187505
0.00187555
0.00187597
0.0018763
0.00187655
0.00187671
0.00187677
0.00187673
0.0018766
0.00187634
0.00187603
0.00187564
0.00187517
0.00187462
0.00187401
0.00187334
0.00187262
0.00187187
0.00187108
0.00187028
0.00186947
0.00186867
0.00186788
0.00186712
0.00186639
0.00186571
0.00186508
0.00186452
0.00186403
0.00186358
0.00186321
0.00186294
0.00186276
0.00186268
0.0018627
0.00186281
0.00186302
0.00186331
0.00186369
0.00186414
0.00186467
0.00186526
0.0018659
0.00186658
0.00186729
0.00186803
0.00186877
0.00186958
0.00187038
0.00187117
0.00187194
0.00187266
0.00187335
0.00187397
0.00187453
0.00187502
0.00187543
0.00187576
0.001876
0.00187615
0.0018762
0.00187616
0.00187603
0.00187576
0.00187545
0.00187506
0.00187458
0.00187404
0.00187342
0.00187275
0.00187204
0.00187128
0.0018705
0.0018697
0.0018689
0.0018681
0.00186731
0.00186655
0.00186583
0.00186516
0.00186454
0.00186398
0.0018635
0.00186305
0.0018627
0.00186243
0.00186227
0.0018622
0.00186222
0.00186235
0.00186256
0.00186287
0.00186326
0.00186373
0.00186427
0.00186487
0.00186552
0.00186622
0.00186695
0.00186769
0.00186845
0.00186927
0.00187009
0.0018709
0.00187168
0.00187242
0.00187312
0.00187376
0.00187433
0.00187484
0.00187527
0.00187561
0.00187587
0.00187603
0.0018761
0.00187608
0.00187596
0.00187571
0.00187541
0.00187503
0.00187458
0.00187405
0.00187345
0.00187279
0.00187209
0.00187135
0.00187059
0.0018698
0.00186901
0.00186822
0.00186745
0.00186671
0.001866
0.00186534
0.00186473
0.00186419
0.00186372
0.00186328
0.00186294
0.00186268
0.00186253
0.00186247
0.0018625
0.00186264
0.00186286
0.00186318
0.00186358
0.00186405
0.0018646
0.00186521
0.00186587
0.00186657
0.0018673
0.00186806
0.00186882
0.00186965
0.00187047
0.00187128
0.00187206
0.00187281
0.00187351
0.00187415
0.00187473
0.00187523
0.00187566
0.00187601
0.00187626
0.00187642
0.00187649
0.00187647
0.00187635
0.00187609
0.0018758
0.00187542
0.00187496
0.00187442
0.00187382
0.00187316
0.00187245
0.00187171
0.00187093
0.00187014
0.00186935
0.00186855
0.00186778
0.00186702
0.00186631
0.00186564
0.00186502
0.00186447
0.00186399
0.00186355
0.00186319
0.00186293
0.00186277
0.0018627
0.00186272
0.00186285
0.00186306
0.00186337
0.00186376
0.00186422
0.00186476
0.00186535
0.001866
0.00186669
0.00186742
0.00186816
0.00186891
0.00186973
0.00187054
0.00187134
0.00187211
0.00187285
0.00187353
0.00187417
0.00187474
0.00187523
0.00187565
0.00187598
0.00187623
0.00187638
0.00187644
0.0018764
0.00187628
0.00187601
0.00187571
0.00187531
0.00187484
0.0018743
0.00187369
0.00187302
0.00187231
0.00187156
0.00187077
0.00186998
0.00186917
0.00186837
0.00186759
0.00186683
0.00186611
0.00186543
0.00186481
0.00186426
0.00186377
0.00186332
0.00186296
0.0018627
0.00186253
0.00186245
0.00186248
0.0018626
0.00186281
0.00186311
0.0018635
0.00186396
0.0018645
0.00186509
0.00186574
0.00186643
0.00186715
0.0018679
0.00186865
0.00186947
0.00187028
0.00187108
0.00187185
0.00187259
0.00187328
0.00187391
0.00187448
0.00187498
0.0018754
0.00187574
0.00187598
0.00187614
0.0018762
0.00187617
0.00187605
0.00187579
0.00187549
0.0018751
0.00187463
0.0018741
0.00187349
0.00187283
0.00187212
0.00187137
0.0018706
0.00186981
0.00186901
0.00186821
0.00186744
0.00186668
0.00186597
0.0018653
0.00186469
0.00186414
0.00186366
0.00186322
0.00186287
0.00186261
0.00186245
0.00186238
0.00186241
0.00186254
0.00186276
0.00186307
0.00186346
0.00186393
0.00186447
0.00186508
0.00186573
0.00186643
0.00186716
0.00186791
0.00186867
0.00186949
0.00187031
0.00187112
0.0018719
0.00187264
0.00187334
0.00187398
0.00187455
0.00187506
0.00187548
0.00187583
0.00187608
0.00187624
0.00187631
0.00187628
0.00187616
0.00187591
0.00187561
0.00187523
0.00187477
0.00187423
0.00187363
0.00187298
0.00187227
0.00187153
0.00187075
0.00186997
0.00186917
0.00186838
0.0018676
0.00186685
0.00186614
0.00186547
0.00186486
0.00186431
0.00186384
0.0018634
0.00186304
0.00186279
0.00186262
0.00186256
0.00186259
0.00186272
0.00186294
0.00186324
0.00186364
0.00186411
0.00186465
0.00186525
0.0018659
0.0018666
0.00186733
0.00186808
0.00186883
0.00186965
0.00187047
0.00187127
0.00187205
0.00187279
0.00187348
0.00187412
0.00187469
0.0018752
0.00187562
0.00187596
0.00187621
0.00187637
0.00187643
0.0018764
0.00187627
0.00187602
0.00187572
0.00187533
0.00187486
0.00187432
0.00187372
0.00187306
0.00187235
0.0018716
0.00187082
0.00187003
0.00186923
0.00186843
0.00186765
0.00186689
0.00186618
0.00186551
0.00186489
0.00186434
0.00186386
0.00186341
0.00186305
0.00186279
0.00186262
0.00186255
0.00186258
0.0018627
0.00186292
0.00186322
0.00186361
0.00186407
0.00186461
0.00186521
0.00186586
0.00186655
0.00186727
0.00186802
0.00186877
0.00186959
0.0018704
0.0018712
0.00187197
0.00187271
0.0018734
0.00187403
0.0018746
0.0018751
0.00187552
0.00187586
0.00187611
0.00187626
0.00187632
0.00187629
0.00187617
0.00187591
0.0018756
0.00187522
0.00187475
0.00187421
0.0018736
0.00187294
0.00187223
0.00187148
0.0018707
0.00186991
0.0018691
0.00186831
0.00186753
0.00186677
0.00186606
0.00186538
0.00186477
0.00186422
0.00186374
0.00186329
0.00186294
0.00186267
0.00186251
0.00186244
0.00186247
0.00186259
0.00186281
0.00186311
0.0018635
0.00186397
0.00186451
0.00186511
0.00186576
0.00186645
0.00186718
0.00186793
0.00186868
0.0018695
0.00187032
0.00187112
0.0018719
0.00187264
0.00187333
0.00187397
0.00187454
0.00187504
0.00187547
0.0018758
0.00187606
0.00187621
0.00187628
0.00187625
0.00187613
0.00187587
0.00187557
0.00187519
0.00187472
0.00187419
0.00187358
0.00187292
0.00187221
0.00187147
0.00187069
0.0018699
0.00186911
0.00186831
0.00186754
0.00186678
0.00186607
0.0018654
0.00186479
0.00186424
0.00186376
0.00186332
0.00186297
0.00186271
0.00186254
0.00186248
0.00186251
0.00186263
0.00186285
0.00186316
0.00186355
0.00186402
0.00186456
0.00186516
0.00186582
0.00186652
0.00186724
0.00186799
0.00186875
0.00186957
0.00187039
0.00187119
0.00187197
0.00187271
0.0018734
0.00187404
0.00187462
0.00187512
0.00187554
0.00187588
0.00187614
0.00187629
0.00187636
0.00187633
0.00187621
0.00187595
0.00187565
0.00187527
0.0018748
0.00187427
0.00187366
0.001873
0.0018723
0.00187155
0.00187077
0.00186998
0.00186918
0.00186839
0.00186761
0.00186686
0.00186614
0.00186547
0.00186486
0.00186431
0.00186383
0.00186339
0.00186303
0.00186277
0.00186261
0.00186254
0.00186257
0.00186269
0.00186291
0.00186322
0.00186361
0.00186407
0.00186461
0.00186521
0.00186586
0.00186656
0.00186728
0.00186803
0.00186879
0.00186961
0.00187042
0.00187122
0.001872
0.00187274
0.00187343
0.00187406
0.00187464
0.00187514
0.00187556
0.0018759
0.00187614
0.0018763
0.00187637
0.00187633
0.00187621
0.00187595
0.00187565
0.00187526
0.0018748
0.00187426
0.00187365
0.00187299
0.00187228
0.00187153
0.00187075
0.00186996
0.00186916
0.00186836
0.00186758
0.00186683
0.00186611
0.00186544
0.00186483
0.00186427
0.00186379
0.00186335
0.00186299
0.00186273
0.00186256
0.00186249
0.00186252
0.00186265
0.00186286
0.00186317
0.00186356
0.00186402
0.00186456
0.00186516
0.00186581
0.00186651
0.00186723
0.00186798
0.00186873
0.00186955
0.00187037
0.00187117
0.00187194
0.00187268
0.00187337
0.00187401
0.00187458
0.00187508
0.0018755
0.00187584
0.00187609
0.00187625
0.00187631
0.00187628
0.00187616
0.0018759
0.0018756
0.00187521
0.00187475
0.00187421
0.0018736
0.00187294
0.00187223
0.00187148
0.00187071
0.00186992
0.00186912
0.00186832
0.00186754
0.00186679
0.00186607
0.0018654
0.00186479
0.00186424
0.00186376
0.00186332
0.00186296
0.0018627
0.00186254
0.00186247
0.0018625
0.00186262
0.00186284
0.00186315
0.00186354
0.00186401
0.00186455
0.00186515
0.0018658
0.00186649
0.00186722
0.00186797
0.00186873
0.00186955
0.00187036
0.00187117
0.00187194
0.00187268
0.00187337
0.00187401
0.00187459
0.00187509
0.00187551
0.00187585
0.0018761
0.00187626
0.00187632
0.0018763
0.00187617
0.00187592
0.00187562
0.00187523
0.00187477
0.00187423
0.00187363
0.00187297
0.00187226
0.00187151
0.00187074
0.00186994
0.00186914
0.00186835
0.00186757
0.00186682
0.00186611
0.00186544
0.00186482
0.00186427
0.00186379
0.00186335
0.001863
0.00186274
0.00186257
0.0018625
0.00186253
0.00186266
0.00186288
0.00186318
0.00186358
0.00186404
0.00186458
0.00186518
0.00186584
0.00186653
0.00186726
0.00186801
0.00186876
0.00186958
0.0018704
0.0018712
0.00187198
0.00187272
0.00187341
0.00187405
0.00187462
0.00187512
0.00187554
0.00187588
0.00187613
0.00187629
0.00187636
0.00187633
0.0018762
0.00187594
0.00187564
0.00187526
0.00187479
0.00187425
0.00187365
0.00187299
0.00187228
0.00187153
0.00187076
0.00186996
0.00186916
0.00186837
0.00186759
0.00186684
0.00186612
0.00186545
0.00186484
0.00186428
0.00186381
0.00186336
0.00186301
0.00186274
0.00186258
0.00186251
0.00186254
0.00186266
0.00186288
0.00186319
0.00186358
0.00186404
0.00186458
0.00186518
0.00186583
0.00186653
0.00186725
0.001868
0.00186875
0.00186958
0.00187039
0.00187119
0.00187197
0.00187271
0.0018734
0.00187403
0.00187461
0.00187511
0.00187553
0.00187587
0.00187612
0.00187627
0.00187634
0.00187631
0.00187618
0.00187592
0.00187562
0.00187524
0.00187477
0.00187423
0.00187363
0.00187297
0.00187226
0.00187151
0.00187073
0.00186994
0.00186914
0.00186834
0.00186757
0.00186681
0.0018661
0.00186543
0.00186481
0.00186426
0.00186378
0.00186334
0.00186298
0.00186272
0.00186255
0.00186249
0.00186251
0.00186264
0.00186286
0.00186316
0.00186355
0.00186402
0.00186456
0.00186516
0.00186581
0.00186651
0.00186723
0.00186798
0.00186873
0.00186955
0.00187037
0.00187117
0.00187195
0.00187269
0.00187338
0.00187402
0.00187459
0.00187509
0.00187551
0.00187585
0.0018761
0.00187626
0.00187632
0.00187629
0.00187617
0.00187591
0.00187561
0.00187523
0.00187476
0.00187422
0.00187362
0.00187296
0.00187225
0.0018715
0.00187073
0.00186993
0.00186913
0.00186834
0.00186756
0.00186681
0.00186609
0.00186542
0.00186481
0.00186426
0.00186378
0.00186334
0.00186298
0.00186272
0.00186256
0.00186249
0.00186252
0.00186264
0.00186286
0.00186317
0.00186356
0.00186403
0.00186457
0.00186517
0.00186582
0.00186651
0.00186724
0.00186799
0.00186874
0.00186957
0.00187038
0.00187118
0.00187196
0.0018727
0.00187339
0.00187403
0.0018746
0.0018751
0.00187553
0.00187587
0.00187612
0.00187627
0.00187634
0.00187631
0.00187619
0.00187593
0.00187563
0.00187524
0.00187478
0.00187424
0.00187364
0.00187297
0.00187227
0.00187152
0.00187074
0.00186995
0.00186915
0.00186836
0.00186758
0.00186683
0.00186611
0.00186544
0.00186483
0.00186428
0.0018638
0.00186335
0.001863
0.00186274
0.00186257
0.0018625
0.00186253
0.00186266
0.00186288
0.00186318
0.00186357
0.00186404
0.00186458
0.00186518
0.00186583
0.00186653
0.00186725
0.001868
0.00186875
0.00186958
0.00187039
0.00187119
0.00187197
0.00187271
0.0018734
0.00187404
0.00187461
0.00187511
0.00187553
0.00187587
0.00187612
0.00187628
0.00187634
0.00187631
0.00187619
0.00187593
0.00187563
0.00187524
0.00187478
0.00187424
0.00187364
0.00187297
0.00187227
0.00187152
0.00187074
0.00186995
0.00186915
0.00186835
0.00186758
0.00186682
0.00186611
0.00186544
0.00186482
0.00186427
0.00186379
0.00186335
0.00186299
0.00186273
0.00186257
0.0018625
0.00186253
0.00186265
0.00186287
0.00186317
0.00186356
0.00186403
0.00186457
0.00186517
0.00186582
0.00186652
0.00186724
0.00186799
0.00186874
0.00186957
0.00187038
0.00187118
0.00187196
0.0018727
0.00187339
0.00187403
0.0018746
0.0018751
0.00187552
0.00187586
0.00187611
0.00187627
0.00187633
0.0018763
0.00187618
0.00187592
0.00187562
0.00187523
0.00187477
0.00187423
0.00187363
0.00187296
0.00187225
0.00187151
0.00187073
0.00186994
0.00186914
0.00186834
0.00186757
0.00186681
0.0018661
0.00186543
0.00186481
0.00186426
0.00186378
0.00186334
0.00186298
0.00186272
0.00186256
0.00186249
0.00186252
0.00186264
0.00186286
0.00186317
0.00186356
0.00186403
0.00186456
0.00186516
0.00186582
0.00186651
0.00186724
0.00186799
0.00186874
0.00186956
0.00187038
0.00187118
0.00187196
0.00187269
0.00187339
0.00187402
0.0018746
0.0018751
0.00187552
0.00187586
0.00187611
0.00187627
0.00187633
0.0018763
0.00187618
0.00187592
0.00187562
0.00187524
0.00187477
0.00187423
0.00187363
0.00187297
0.00187226
0.00187151
0.00187074
0.00186994
0.00186914
0.00186835
0.00186757
0.00186682
0.0018661
0.00186543
0.00186482
0.00186427
0.00186379
0.00186334
0.00186299
0.00186273
0.00186256
0.0018625
0.00186253
0.00186265
0.00186287
0.00186317
0.00186357
0.00186403
0.00186457
0.00186517
0.00186582
0.00186652
0.00186725
0.00186799
0.00186875
0.00186957
0.00187039
0.00187119
0.00187196
0.0018727
0.00187339
0.00187403
0.0018746
0.00187511
0.00187553
0.00187587
0.00187612
0.00187628
0.00187634
0.00187631
0.00187619
0.00187593
0.00187563
0.00187524
0.00187478
0.00187424
0.00187363
0.00187297
0.00187226
0.00187152
0.00187074
0.00186995
0.00186915
0.00186835
0.00186758
0.00186682
0.00186611
0.00186544
0.00186482
0.00186427
0.00186379
0.00186335
0.00186299
0.00186273
0.00186257
0.0018625
0.00186253
0.00186265
0.00186287
0.00186318
0.00186357
0.00186403
0.00186457
0.00186517
0.00186583
0.00186652
0.00186725
0.00186799
0.00186875
0.00186957
0.00187039
0.00187119
0.00187196
0.0018727
0.00187339
0.00187403
0.0018746
0.0018751
0.00187553
0.00187586
0.00187611
0.00187627
0.00187634
0.00187631
0.00187618
0.00187592
0.00187562
0.00187524
0.00187477
0.00187423
0.00187363
0.00187297
0.00187226
0.00187151
0.00187074
0.00186994
0.00186914
0.00186835
0.00186757
0.00186682
0.0018661
0.00186543
0.00186482
0.00186427
0.00186379
0.00186334
0.00186299
0.00186273
0.00186256
0.00186249
0.00186252
0.00186265
0.00186287
0.00186317
0.00186356
0.00186403
0.00186457
0.00186517
0.00186582
0.00186652
0.00186724
0.00186799
0.00186874
0.00186956
0.00187038
0.00187118
0.00187196
0.0018727
0.00187339
0.00187403
0.0018746
0.0018751
0.00187552
0.00187586
0.00187611
0.00187627
0.00187633
0.0018763
0.00187618
0.00187592
0.00187562
0.00187524
0.00187477
0.00187423
0.00187363
0.00187297
0.00187226
0.00187151
0.00187073
0.00186994
0.00186914
0.00186835
0.00186757
0.00186682
0.0018661
0.00186543
0.00186482
0.00186427
0.00186379
0.00186334
0.00186299
0.00186273
0.00186256
0.00186249
0.00186252
0.00186265
0.00186287
0.00186317
0.00186356
0.00186403
0.00186457
0.00186517
0.00186582
0.00186652
0.00186724
0.00186799
0.00186875
0.00186957
0.00187038
0.00187118
0.00187196
0.0018727
0.00187339
0.00187403
0.0018746
0.0018751
0.00187552
0.00187586
0.00187611
0.00187627
0.00187634
0.00187631
0.00187618
0.00187592
0.00187562
0.00187524
0.00187477
0.00187424
0.00187363
0.00187297
0.00187226
0.00187151
0.00187074
0.00186995
0.00186915
0.00186835
0.00186757
0.00186682
0.0018661
0.00186543
0.00186482
0.00186427
0.00186379
0.00186335
0.00186299
0.00186273
0.00186257
0.0018625
0.00186253
0.00186265
0.00186287
0.00186317
0.00186357
0.00186403
0.00186457
0.00186517
0.00186582
0.00186652
0.00186725
0.00186799
0.00186875
0.00186957
0.00187039
0.00187119
0.00187196
0.0018727
0.00187339
0.00187403
0.0018746
0.0018751
0.00187553
0.00187587
0.00187612
0.00187627
0.00187634
0.00187631
0.00187618
0.00187593
0.00187563
0.00187524
0.00187477
0.00187424
0.00187363
0.00187297
0.00187226
0.00187151
0.00187074
0.00186995
0.00186915
0.00186835
0.00186757
0.00186682
0.0018661
0.00186543
0.00186482
0.00186427
0.00186379
0.00186334
0.00186299
0.00186273
0.00186256
0.0018625
0.00186253
0.00186265
0.00186287
0.00186317
0.00186356
0.00186403
0.00186457
0.00186517
0.00186582
0.00186652
0.00186724
0.00186799
0.00186875
0.00186957
0.00187038
0.00187118
0.00187196
0.0018727
0.00187339
0.00187403
0.0018746
0.0018751
0.00187552
0.00187586
0.00187611
0.00187627
0.00187634
0.00187631
0.00187618
0.00187592
0.00187562
0.00187524
0.00187477
0.00187423
0.00187363
0.00187297
0.00187226
0.00187151
0.00187074
0.00186994
0.00186914
0.00186835
0.00186757
0.00186682
0.0018661
0.00186543
0.00186482
0.00186427
0.00186379
0.00186334
0.00186299
0.00186273
0.00186256
0.00186249
0.00186252
0.00186265
0.00186287
0.00186317
0.00186356
0.00186403
0.00186457
0.00186517
0.00186582
0.00186652
0.00186724
0.00186799
0.00186874
0.00186957
0.00187038
0.00187118
0.00187196
0.0018727
0.00187339
0.00187403
0.0018746
0.0018751
0.00187552
0.00187586
0.00187611
0.00187627
0.00187634
0.00187631
0.00187618
0.00187592
0.00187562
0.00187524
0.00187477
0.00187423
0.00187363
0.00187297
0.00187226
0.00187151
0.00187074
0.00186994
0.00186914
0.00186835
0.00186757
0.00186682
0.0018661
0.00186543
0.00186482
0.00186427
0.00186379
0.00186334
0.00186299
0.00186273
0.00186256
0.0018625
0.00186252
0.00186265
0.00186287
0.00186317
0.00186356
0.00186403
0.00186457
0.00186517
0.00186582
0.00186652
0.00186724
0.00186799
0.00186875
0.00186957
0.00187038
0.00187119
0.00187196
0.0018727
0.00187339
0.00187403
0.0018746
0.0018751
0.00187553
0.00187586
0.00187611
0.00187627
0.00187634
0.00187631
0.00187618
0.00187592
0.00187562
0.00187524
0.00187477
0.00187424
0.00187363
0.00187297
0.00187226
0.00187151
0.00187074
0.00186994
0.00186915
0.00186835
0.00186757
0.00186682
0.0018661
0.00186543
0.00186482
0.00186427
0.00186379
0.00186334
0.00186299
0.00186273
0.00186256
0.0018625
0.00186253
0.00186265
0.00186287
0.00186317
0.00186356
0.00186403
0.00186457
0.00186517
0.00186582
0.00186652
0.00186724
0.00186799
0.00186875
0.00186957
0.00187038
0.00187119
0.00187196
0.0018727
0.00187339
0.00187403
0.0018746
0.0018751
0.00187553
0.00187586
0.00187611
0.00187627
0.00187634
0.00187631
0.00187618
0.00187592
0.00187562
0.00187524
0.00187477
0.00187423
0.00187363
0.00187297
0.00187226
0.00187151
0.00187074
0.00186994
0.00186915
0.00186835
0.00186757
0.00186682
0.0018661
0.00186543
0.00186482
0.00186427
0.00186379
0.00186334
0.00186299
0.00186273
0.00186256
0.0018625
0.00186252
0.00186265
0.00186287
0.00186317
0.00186356
0.00186403
0.00186457
0.00186517
0.00186582
0.00186652
0.00186724
0.00186799
0.00186875
0.00186957
0.00187038
0.00187118
0.00187196
0.0018727
0.00187339
0.00187403
0.0018746
0.0018751
0.00187552
0.00187586
0.00187611
0.00187627
0.00187634
0.00187631
0.00187618
0.00187592
0.00187562
0.00187524
0.00187477
0.00187423
0.00187363
0.00187297
0.00187226
0.00187151
0.00187074
0.00186994
0.00186914
0.00186835
0.00186757
0.00186682
0.0018661
0.00186543
0.00186482
0.00186427
0.00186379
0.00186334
0.00186299
0.00186273
0.00186256
0.0018625
0.00186252
0.00186265
0.00186287
0.00186317
0.00186356
0.00186403
0.00186457
0.00186517
0.00186582
0.00186652
0.00186724
0.00186799
0.00186875
0.00186957
0.00187038
0.00187118
0.00187196
0.0018727
0.00187339
0.00187403
0.0018746
0.0018751
0.00187552
0.00187586
0.00187611
0.00187627
0.00187634
0.00187631
0.00187618
0.00187592
0.00187562
0.00187524
0.00187477
0.00187423
0.00187363
0.00187297
0.00187226
0.00187151
0.00187074
0.00186994
0.00186915
0.00186835
0.00186757
0.00186682
0.0018661
0.00186543
0.00186482
0.00186427
0.00186379
0.00186334
0.00186299
0.00186273
0.00186256
0.0018625
0.00186253
0.00186265
0.00186287
0.00186317
0.00186356
0.00186403
0.00186457
0.00186517
0.00186582
0.00186652
0.00186724
0.00186799
0.00186875
0.00186957
0.00187038
0.00187119
0.00187196
0.0018727
0.00187339
0.00187403
0.0018746
0.0018751
0.00187553
0.00187586
0.00187611
0.00187627
0.00187634
0.00187631
0.00187618
0.00187592
0.00187562
0.00187524
0.00187477
0.00187423
0.00187363
0.00187297
0.00187226
0.00187151
0.00187074
0.00186994
0.00186915
0.00186835
0.00186757
0.00186682
0.0018661
0.00186543
0.00186482
0.00186427
0.00186379
0.00186334
0.00186299
0.00186273
0.00186256
0.0018625
0.00186253
0.00186265
0.00186287
0.00186317
0.00186356
0.00186403
0.00186457
0.00186517
0.00186582
0.00186652
0.00186724
0.00186799
0.00186875
0.00186957
0.00187038
0.00187118
0.00187196
0.0018727
0.00187339
0.00187403
0.0018746
0.0018751
0.00187553
0.00187586
0.00187611
0.00187627
0.00187634
0.00187631
0.00187618
0.00187592
0.00187562
0.00187524
0.00187477
0.00187423
0.00187363
0.00187297
0.00187226
0.00187151
0.00187074
0.00186994
0.00186914
0.00186835
0.00186757
0.00186682
0.0018661
0.00186543
0.00186482
0.00186427
0.00186379
0.00186334
0.00186299
0.00186273
0.00186256
0.0018625
0.00186252
0.00186265
0.00186287
0.00186317
0.00186356
0.00186403
0.00186457
0.00186517
0.00186582
0.00186652
0.00186724
0.00186799
0.00186875
0.00186957
0.00187038
0.00187118
0.00187196
0.0018727
0.00187339
0.00187403
0.0018746
0.0018751
0.00187552
0.00187586
0.00187611
0.00187627
0.00187634
0.00187631
0.00187618
0.00187592
0.00187562
0.00187524
0.00187477
0.00187423
0.00187363
0.00187297
0.00187226
0.00187151
0.00187074
0.00186994
0.00186914
0.00186835
0.00186757
0.00186682
0.0018661
0.00186543
0.00186482
0.00186427
0.00186379
0.00186334
0.00186299
0.00186273
0.00186256
0.0018625
0.00186252
0.00186265
0.00186287
0.00186317
0.00186356
0.00186403
0.00186457
0.00186517
0.00186582
0.00186652
0.00186724
0.00186799
0.00186875
0.00186957
0.00187038
0.00187118
0.00187196
0.0018727
0.00187339
0.00187403
0.0018746
0.0018751
0.00187553
0.00187586
0.00187611
0.00187627
0.00187634
0.00187631
0.00187618
0.00187592
0.00187562
0.00187524
0.00187477
0.00187423
0.00187363
0.00187297
0.00187226
0.00187151
0.00187074
0.00186994
0.00186915
0.00186835
0.00186757
0.00186682
0.0018661
0.00186543
0.00186482
0.00186427
0.00186379
0.00186334
0.00186299
0.00186273
0.00186256
0.0018625
0.00186253
0.00186265
0.00186287
0.00186317
0.00186356
0.00186403
0.00186457
0.00186517
0.00186582
0.00186652
0.00186724
0.00186799
0.00186875
0.00186957
0.00187038
0.00187118
0.00187196
0.0018727
0.00187339
0.00187403
0.0018746
0.0018751
0.00187553
0.00187586
0.00187611
0.00187627
0.00187634
0.00187631
0.00187618
0.00187592
0.00187562
0.00187524
0.00187477
0.00187423
0.00187363
0.00187297
0.00187226
0.00187151
0.00187074
0.00186994
0.00186915
0.00186835
0.00186757
0.00186682
0.0018661
0.00186543
0.00186482
0.00186427
0.00186379
0.00186334
0.00186299
0.00186273
0.00186256
0.0018625
0.00186252
0.00186265
0.00186287
0.00186317
0.00186356
0.00186403
0.00186457
0.00186517
0.00186582
0.00186652
0.00186724
0.00186799
0.00186875
0.00186957
0.00187038
0.00187118
0.00187196
0.0018727
0.00187339
0.00187403
0.0018746
0.0018751
0.00187552
0.00187586
0.00187611
