4.06439e-07
4.12538e-07
4.19688e-07
4.28089e-07
4.37989e-07
4.49692e-07
4.63581e-07
4.80133e-07
4.99961e-07
5.23849e-07
5.52822e-07
5.88232e-07
6.31896e-07
6.86292e-07
7.5486e-07
8.42478e-07
9.56208e-07
1.10653e-06
1.38119e-06
9.1195e-06
8.65462e-07
1.20694e-06
5.79425e-06
5.8205e-06
4.64748e-06
7.07296e-06
9.13422e-06
9.2718e-06
1.10585e-05
1.40179e-05
1.58253e-05
1.84019e-05
2.20845e-05
2.6157e-05
3.09429e-05
3.64516e-05
4.24665e-05
4.98821e-05
5.91222e-05
6.95972e-05
8.16252e-05
9.62519e-05
0.000113573
0.000133509
0.000157047
0.000185131
0.000217988
0.00025639
0.000301854
0.000355491
0.000418305
0.000492177
0.000579332
0.000681749
0.000801951
0.000943385
0.00110972
0.00130494
0.00153413
0.00180332
0.00211912
0.00248923
0.00292296
0.00343089
0.00402493
0.00471902
0.00552921
0.00647351
0.00757219
0.00884827
0.0103272
0.0120368
0.0140071
0.0162703
0.0188596
0.0218079
0.0251466
0.028903
0.0330971
0.0377373
0.0428154
0.0483001
0.0541293
0.0602026
0.0663728
0.072439
0.0781428
0.0831689
0.0869854
0.0832652
0.0394684
0.00296789
6.0109e-06
0
0
0
0
0
0
0
