3.15952e-08
3.2058e-08
3.26003e-08
3.32372e-08
3.39873e-08
3.48735e-08
3.59245e-08
3.71761e-08
3.86739e-08
4.04765e-08
4.26601e-08
4.5325e-08
4.86058e-08
5.2685e-08
5.78157e-08
6.43551e-08
7.28184e-08
8.39895e-08
1.04381e-07
6.85692e-07
6.42421e-08
3.56684e-08
2.24179e-07
7.9913e-07
4.38496e-07
2.12733e-07
3.53177e-07
1.07268e-06
1.1946e-06
6.78962e-07
8.73875e-07
1.12854e-06
2.31643e-06
2.01558e-06
1.63888e-06
1.84388e-06
3.86211e-06
4.54889e-06
3.28702e-06
4.08043e-06
6.38825e-06
7.65275e-06
7.16307e-06
7.70917e-06
1.33666e-05
1.34366e-05
1.21987e-05
2.31495e-05
1.91557e-05
2.18733e-05
3.58592e-05
3.38362e-05
3.73463e-05
4.97445e-05
5.62768e-05
6.43765e-05
8.61504e-05
0.000109677
8.39335e-05
9.89132e-05
0.000212517
0.000188307
0.000159546
0.000236717
0.000296542
0.000417624
0.00040427
0.000334247
0.000622598
0.000749227
0.000809768
0.0007375
0.00101416
0.00124233
0.0016139
0.00188287
0.00225366
0.00202235
0.00245958
0.00336223
0.00487253
0.00469058
0.00388588
0.00562118
0.00906262
0.00927321
0.00884591
0.010933
0.0113179
0.0211466
0.0175388
0.0160084
0.0257936
0.0314758
0.0351772
0.0278337
0.036462
0.0600115
0.0576335
0.0459465
0.054746
0.0745522
0.105777
0.0668652
0.0634874
0.0909972
0.0590738
0.0118253
0.000754119
5.88069e-06
5e-09
0
0
0
0
0
0
0
0
0
0
0
0
0
0
0
0
0
0
0
0
0
0
0
0
0
0
0
0
0
0
0
0
0
0
0
0
0
0
0
0
0
0
0
0
0
0
0
0
0
