7.3055e-05
7.41482e-05
7.54295e-05
7.69349e-05
7.87088e-05
8.08058e-05
8.32941e-05
8.62595e-05
8.98111e-05
9.40895e-05
9.92778e-05
0.000105618
0.000113434
0.00012317
0.000135438
0.00015111
0.000171446
0.000198314
0.000247418
0.00163269
0.000154845
0.000215778
0.00103501
0.00103866
0.000828378
0.00125902
0.00162344
0.00164498
0.00195796
0.0024761
0.00278776
0.00323148
0.00386416
0.00455766
0.00536566
0.00628588
0.00727632
0.00848397
0.00997013
0.0116217
0.0134763
0.0156845
0.0182297
0.0210596
0.0242794
0.0279654
0.0320598
0.0365623
0.0415409
0.0469552
0.0526972
0.0587082
0.0648857
0.0710053
0.0768101
0.0820311
0.0862548
0.0862386
0.0537909
0.00685879
5.70051e-05
2.48626e-16
0
0
0
0
0
0
0
0
0
0
0
0
0
0
0
0
0
0
0
0
0
0
0
0
0
0
0
0
0
0
0
0
0
0
0
0
0
0
