1.3601e-06
1.38051e-06
1.40444e-06
1.43255e-06
1.46567e-06
1.50483e-06
1.55131e-06
1.6067e-06
1.67304e-06
1.75297e-06
1.84992e-06
1.96841e-06
2.11451e-06
2.29653e-06
2.52596e-06
2.81914e-06
3.19968e-06
3.70265e-06
4.62166e-06
3.05149e-05
2.8959e-06
4.03843e-06
1.93873e-05
1.94748e-05
1.55496e-05
2.36642e-05
3.05596e-05
3.10188e-05
3.69947e-05
4.68929e-05
5.2936e-05
6.15507e-05
7.38628e-05
8.74762e-05
0.000103471
0.000121879
0.000141971
0.000166738
0.00019759
0.000232552
0.000272679
0.000321456
0.000379189
0.000445593
0.000523936
0.000617339
0.00072651
0.000853963
0.00100466
0.0011822
0.00138976
0.00163337
0.00192016
0.00225628
0.00264959
0.00311077
0.00365099
0.00428208
0.00501901
0.00587922
0.00688116
0.00804572
0.0093974
0.0109628
0.01277
0.0148501
0.0172362
0.0199613
0.0230577
0.0265558
0.0304806
0.034848
0.0396605
0.044902
0.0505301
0.0564687
0.0626001
0.0687572
0.0747169
0.080198
0.0848582
0.0875433
0.072296
0.0188637
0.000536797
2.63112e-15
0
0
0
0
0
0
0
0
0
0
0
0
0
0
0
0
0
0
0
0
0
0
0
0
0
0
0
0
0
0
0
0
0
0
0
0
0
0
0
0
0
0
0
0
0
0
0
0
0
0
0
0
0
0
0
0
0
0
0
0
0
0
0
0
0
0
0
0
0
0
0
0
0
0
0
0
0
0
0
0
0
0
0
0
0
0
0
0
0
0
0
0
0
0
0
0
0
0
0
0
0
0
0
0
0
0
0
0
0
0
0
0
0
0
