1.7738e-09
1.79979e-09
1.83023e-09
1.86599e-09
1.9081e-09
1.95786e-09
2.01686e-09
2.08713e-09
2.17122e-09
2.27242e-09
2.39501e-09
2.54462e-09
2.72881e-09
2.95782e-09
3.24587e-09
3.61301e-09
4.08815e-09
4.71532e-09
5.86016e-09
3.8496e-08
3.60667e-09
2.00249e-09
1.25858e-08
4.48648e-08
2.46181e-08
1.19433e-08
1.98282e-08
6.02227e-08
6.7068e-08
3.81186e-08
4.90617e-08
6.33595e-08
1.30052e-07
1.13161e-07
9.20126e-08
1.03522e-07
2.16835e-07
2.55396e-07
1.8455e-07
2.29098e-07
3.58677e-07
4.29679e-07
4.02191e-07
4.32861e-07
7.50532e-07
7.54479e-07
6.84991e-07
1.29994e-06
1.07571e-06
1.22837e-06
2.01389e-06
1.90039e-06
2.09766e-06
2.79423e-06
3.16143e-06
3.61678e-06
4.8406e-06
6.16329e-06
4.71732e-06
5.56016e-06
1.19484e-05
1.05897e-05
8.97455e-06
1.33194e-05
1.66914e-05
2.3516e-05
2.27744e-05
1.88397e-05
3.51138e-05
4.22852e-05
4.5739e-05
4.1696e-05
5.73992e-05
7.04006e-05
9.15883e-05
0.000107029
0.000128351
0.000115431
0.000140743
0.00019296
0.000280583
0.00027116
0.000225653
0.000328119
0.000532176
0.000548314
0.000527228
0.000657632
0.000688037
0.00130134
0.00109464
0.00101551
0.00166721
0.00207897
0.00238216
0.00193991
0.00262706
0.00449258
0.00450942
0.00378289
0.0047802
0.00696608
0.0106874
0.00739514
0.00786835
0.0139464
0.0164318
0.0152522
0.0179994
0.0184221
0.0330224
0.0317693
0.0275833
0.0322443
0.0520291
0.0477658
0.055804
0.0484499
0.0756998
0.0838705
0.0771581
0.0683267
0.0765069
0.0927535
0.0352417
0.00331763
0.000131799
2.80262e-06
0
0
0
0
0
0
0
0
0
0
0
0
0
0
0
0
0
0
0
0
0
0
0
0
0
0
0
0
0
0
0
0
