1.03821e-05
1.05341e-05
1.07122e-05
1.09214e-05
1.11677e-05
1.14588e-05
1.1804e-05
1.2215e-05
1.27069e-05
1.32989e-05
1.40159e-05
1.4891e-05
1.59683e-05
1.73078e-05
1.89924e-05
2.11395e-05
2.3918e-05
2.75853e-05
3.428e-05
0.000225167
2.10935e-05
1.171e-05
7.35876e-05
0.000262274
0.000143886
6.97896e-05
0.000115834
0.000351711
0.000391553
0.000222454
0.000286184
0.000369389
0.000757744
0.000658869
0.000535297
0.000601692
0.00125893
0.00148095
0.0010686
0.00132435
0.00206943
0.00247361
0.00230947
0.00247828
0.00428251
0.00428821
0.00387572
0.00731694
0.00601853
0.00682519
0.0111006
0.0103788
0.0113349
0.0149147
0.0166375
0.0187255
0.024594
0.030641
0.0228718
0.0261899
0.0544342
0.0464232
0.0376351
0.0530686
0.062691
0.0825097
0.0738724
0.0558134
0.0935968
0.098111
0.0759477
0.0201547
0.00172405
3.09535e-05
1.44472e-07
0
0
0
0
0
0
0
0
0
0
0
0
0
0
0
0
0
0
0
0
0
0
0
0
0
0
0
0
0
0
0
0
0
0
0
0
0
0
0
0
0
0
0
0
0
0
0
0
0
0
0
0
0
0
0
0
0
0
0
0
0
0
0
0
0
0
0
0
0
0
0
0
0
0
0
0
0
0
0
0
0
0
0
0
0
