0.00230531
0.00233782
0.00237588
0.00242055
0.00247313
0.00253519
0.00260871
0.00269617
0.00280069
0.00292628
0.00307814
0.00326309
0.00349024
0.00377189
0.00412503
0.00457348
0.00515142
0.005909
0.0073012
0.0476461
0.00446105
0.00612498
0.0288808
0.0284163
0.0221531
0.032797
0.041028
0.0401447
0.0458951
0.0554035
0.0591197
0.0644187
0.0717257
0.0779144
0.0834201
0.0874778
0.0845532
0.0447555
0.00414606
1.63877e-05
9.94282e-17
0
0
0
0
0
0
0
0
0
0
0
0
0
0
0
0
0
0
0
0
0
0
0
0
0
0
0
0
0
0
0
0
0
0
0
0
0
0
0
0
0
0
0
0
0
0
0
0
0
0
0
0
0
0
0
0
0
0
0
