4.08914e-07
4.15051e-07
4.22244e-07
4.30696e-07
4.40656e-07
4.52431e-07
4.66404e-07
4.83058e-07
5.03006e-07
5.2704e-07
5.56189e-07
5.91815e-07
6.35745e-07
6.90472e-07
7.59458e-07
8.47609e-07
9.62032e-07
1.11327e-06
1.3896e-06
9.17504e-06
8.70734e-07
1.21429e-06
5.82953e-06
5.85595e-06
4.67579e-06
7.11604e-06
9.18984e-06
9.32827e-06
1.11258e-05
1.41033e-05
1.59217e-05
1.85139e-05
2.22189e-05
2.63162e-05
3.11313e-05
3.66735e-05
4.2725e-05
5.01858e-05
5.94821e-05
7.00208e-05
8.21219e-05
9.68376e-05
0.000114264
0.000134322
0.000158002
0.000186257
0.000219313
0.000257948
0.000303687
0.00035765
0.000420844
0.000495163
0.000582845
0.000685879
0.000806806
0.000949091
0.00111643
0.00131282
0.00154338
0.00181417
0.00213184
0.00250415
0.00294043
0.00345133
0.00404883
0.00474693
0.00556177
0.00651142
0.00761627
0.00889941
0.0103864
0.0121051
0.0140857
0.0163605
0.0189625
0.0219247
0.0252785
0.0290509
0.0332615
0.0379182
0.0430122
0.048511
0.0543514
0.0604313
0.0666015
0.0726593
0.0783439
0.083338
0.0870802
0.0825856
0.0372772
0.00257331
3.65247e-06
0
0
0
0
0
0
0
